[19, 21, 24, 21] FAIL
[16, 21, 24, 21] FAIL
[16, 19, 24, 21] FAIL
[16, 19, 21, 21] FAIL
[16, 19, 21, 24] PASS
[18, 19, 22, 24, 25, 25] FAIL
[15, 19, 22, 24, 25, 25] FAIL
[15, 18, 22, 24, 25, 25] FAIL
[15, 18, 19, 24, 25, 25] FAIL
[15, 18, 19, 22, 25, 25] FAIL
[15, 18, 19, 22, 24, 25] PASS
[81, 83, 84, 87, 89, 93] FAIL
[80, 83, 84, 87, 89, 93] FAIL
[80, 81, 84, 87, 89, 93] FAIL
[80, 81, 83, 87, 89, 93] FAIL
[80, 81, 83, 84, 89, 93] FAIL
[80, 81, 83, 84, 87, 93] FAIL
[80, 81, 83, 84, 87, 89] PASS
[7, 8, 9, 10, 13, 18] FAIL
[6, 8, 9, 10, 13, 18] FAIL
[6, 7, 9, 10, 13, 18] FAIL
[6, 7, 8, 10, 13, 18] FAIL
[6, 7, 8, 9, 13, 18] FAIL
[6, 7, 8, 9, 10, 18] FAIL
[6, 7, 8, 9, 10, 13] PASS
[62, 61, 64, 66, 67] FAIL
[60, 61, 64, 66, 67] PASS
[79, 81, 84, 82, 80] FAIL
[76, 81, 84, 82, 80] FAIL
[76, 79, 84, 82, 80] FAIL
[76, 79, 81, 82, 80] FAIL
[76, 79, 81, 84, 80] FAIL
[76, 79, 81, 84, 82] FAIL
[76, 79, 81, 84, 82, 80] FAIL
[73, 72, 74, 74] FAIL
[70, 72, 74, 74] FAIL
[70, 73, 74, 74] FAIL
[70, 73, 72, 74] FAIL
[70, 73, 72, 74] FAIL
[70, 73, 72, 74, 74] FAIL
[68, 71, 74, 73, 77] FAIL
[67, 71, 74, 73, 77] FAIL
[67, 68, 74, 73, 77] FAIL
[67, 68, 71, 73, 77] FAIL
[67, 68, 71, 74, 77] PASS
[57, 60, 59, 61, 64, 67, 74] FAIL
[56, 60, 59, 61, 64, 67, 74] FAIL
[56, 57, 59, 61, 64, 67, 74] FAIL
[56, 57, 60, 61, 64, 67, 74] FAIL
[56, 57, 60, 59, 64, 67, 74] FAIL
[56, 57, 60, 59, 61, 67, 74] FAIL
[56, 57, 60, 59, 61, 64, 74] FAIL
[56, 57, 60, 59, 61, 64, 67] FAIL
[56, 57, 60, 59, 61, 64, 67, 74] FAIL
[38, 39, 40, 40, 43] FAIL
[37, 39, 40, 40, 43] FAIL
[37, 38, 40, 40, 43] FAIL
[37, 38, 39, 40, 43] PASS
[92, 95, 95, 96, 97, 94] FAIL
[90, 95, 95, 96, 97, 94] FAIL
[90, 92, 95, 96, 97, 94] FAIL
[90, 92, 95, 96, 97, 94] FAIL
[90, 92, 95, 95, 97, 94] FAIL
[90, 92, 95, 95, 96, 94] FAIL
[90, 92, 95, 95, 96, 97] FAIL
[90, 92, 95, 95, 96, 97, 94] FAIL
[83, 86, 86, 86] FAIL
[80, 86, 86, 86] FAIL
[80, 83, 86, 86] FAIL
[80, 83, 86, 86] FAIL
[80, 83, 86, 86] FAIL
[80, 83, 86, 86, 86] FAIL
[47, 49, 49, 51, 54, 58] FAIL
[44, 49, 49, 51, 54, 58] FAIL
[44, 47, 49, 51, 54, 58] FAIL
[44, 47, 49, 51, 54, 58] FAIL
[44, 47, 49, 49, 54, 58] FAIL
[44, 47, 49, 49, 51, 58] FAIL
[44, 47, 49, 49, 51, 54] FAIL
[44, 47, 49, 49, 51, 54, 58] FAIL
[71, 74, 74, 81] FAIL
[69, 74, 74, 81] FAIL
[69, 71, 74, 81] FAIL
[69, 71, 74, 81] FAIL
[69, 71, 74, 74] FAIL
[69, 71, 74, 74, 81] FAIL
[68, 72, 75, 77] FAIL
[66, 72, 75, 77] FAIL
[66, 68, 75, 77] FAIL
[66, 68, 72, 77] FAIL
[66, 68, 72, 75] FAIL
[66, 68, 72, 75, 77] FAIL
[35, 39, 41, 38] FAIL
[34, 39, 41, 38] FAIL
[34, 35, 41, 38] FAIL
[34, 35, 39, 38] FAIL
[34, 35, 39, 41] FAIL
[34, 35, 39, 41, 38] FAIL
[60, 63, 67, 70, 72, 72] FAIL
[58, 63, 67, 70, 72, 72] FAIL
[58, 60, 67, 70, 72, 72] FAIL
[58, 60, 63, 70, 72, 72] FAIL
[58, 60, 63, 67, 72, 72] FAIL
[58, 60, 63, 67, 70, 72] FAIL
[58, 60, 63, 67, 70, 72] FAIL
[58, 60, 63, 67, 70, 72, 72] FAIL
[46, 47, 51, 52, 53, 56, 60] FAIL
[43, 47, 51, 52, 53, 56, 60] FAIL
[43, 46, 51, 52, 53, 56, 60] FAIL
[43, 46, 47, 52, 53, 56, 60] FAIL
[43, 46, 47, 51, 53, 56, 60] FAIL
[43, 46, 47, 51, 52, 56, 60] FAIL
[43, 46, 47, 51, 52, 53, 60] FAIL
[43, 46, 47, 51, 52, 53, 56] FAIL
[43, 46, 47, 51, 52, 53, 56, 60] FAIL
[36, 37, 41, 44, 50] FAIL
[35, 37, 41, 44, 50] FAIL
[35, 36, 41, 44, 50] FAIL
[35, 36, 37, 44, 50] FAIL
[35, 36, 37, 41, 50] FAIL
[35, 36, 37, 41, 44] FAIL
[35, 36, 37, 41, 44, 50] FAIL
[64, 67, 69, 71, 72, 78, 80] FAIL
[63, 67, 69, 71, 72, 78, 80] FAIL
[63, 64, 69, 71, 72, 78, 80] FAIL
[63, 64, 67, 71, 72, 78, 80] FAIL
[63, 64, 67, 69, 72, 78, 80] FAIL
[63, 64, 67, 69, 71, 78, 80] FAIL
[63, 64, 67, 69, 71, 72, 80] FAIL
[63, 64, 67, 69, 71, 72, 78] FAIL
[63, 64, 67, 69, 71, 72, 78, 80] FAIL
[22, 23, 30, 28] FAIL
[19, 23, 30, 28] FAIL
[19, 22, 30, 28] FAIL
[19, 22, 23, 28] FAIL
[19, 22, 23, 30] FAIL
[19, 22, 23, 30, 28] FAIL
[21, 24, 30, 30] FAIL
[20, 24, 30, 30] FAIL
[20, 21, 30, 30] FAIL
[20, 21, 24, 30] FAIL
[20, 21, 24, 30] FAIL
[20, 21, 24, 30, 30] FAIL
[78, 80, 83, 90, 91, 95] FAIL
[75, 80, 83, 90, 91, 95] FAIL
[75, 78, 83, 90, 91, 95] FAIL
[75, 78, 80, 90, 91, 95] FAIL
[75, 78, 80, 83, 91, 95] FAIL
[75, 78, 80, 83, 90, 95] FAIL
[75, 78, 80, 83, 90, 91] FAIL
[75, 78, 80, 83, 90, 91, 95] FAIL
[17, 20, 22, 23, 29, 31, 36] FAIL
[16, 20, 22, 23, 29, 31, 36] FAIL
[16, 17, 22, 23, 29, 31, 36] FAIL
[16, 17, 20, 23, 29, 31, 36] FAIL
[16, 17, 20, 22, 29, 31, 36] FAIL
[16, 17, 20, 22, 23, 31, 36] FAIL
[16, 17, 20, 22, 23, 29, 36] FAIL
[16, 17, 20, 22, 23, 29, 31] FAIL
[16, 17, 20, 22, 23, 29, 31, 36] FAIL
[21, 24, 26, 28] PASS
[84, 87, 88, 86] FAIL
[87, 87, 88, 86] FAIL
[87, 84, 88, 86] FAIL
[87, 84, 87, 86] FAIL
[87, 84, 87, 88] FAIL
[87, 84, 87, 88, 86] FAIL
[46, 48, 51, 51] FAIL
[48, 48, 51, 51] FAIL
[48, 46, 51, 51] FAIL
[48, 46, 48, 51] FAIL
[48, 46, 48, 51] FAIL
[48, 46, 48, 51, 51] FAIL
[37, 40, 43, 44, 48] FAIL
[40, 40, 43, 44, 48] FAIL
[40, 37, 43, 44, 48] FAIL
[40, 37, 40, 44, 48] FAIL
[40, 37, 40, 43, 48] FAIL
[40, 37, 40, 43, 44] FAIL
[40, 37, 40, 43, 44, 48] FAIL
[75, 78, 79, 81, 84, 86, 91] FAIL
[77, 78, 79, 81, 84, 86, 91] FAIL
[77, 75, 79, 81, 84, 86, 91] FAIL
[77, 75, 78, 81, 84, 86, 91] FAIL
[77, 75, 78, 79, 84, 86, 91] FAIL
[77, 75, 78, 79, 81, 86, 91] FAIL
[77, 75, 78, 79, 81, 84, 91] FAIL
[77, 75, 78, 79, 81, 84, 86] FAIL
[77, 75, 78, 79, 81, 84, 86, 91] FAIL
[41, 40, 42, 44] FAIL
[43, 40, 42, 44] FAIL
[43, 41, 42, 44] FAIL
[43, 41, 40, 44] FAIL
[43, 41, 40, 42] FAIL
[43, 41, 40, 42, 44] FAIL
[30, 31, 32, 35, 32, 29] FAIL
[32, 31, 32, 35, 32, 29] FAIL
[32, 30, 32, 35, 32, 29] FAIL
[32, 30, 31, 35, 32, 29] FAIL
[32, 30, 31, 32, 32, 29] FAIL
[32, 30, 31, 32, 35, 29] FAIL
[32, 30, 31, 32, 35, 32] FAIL
[32, 30, 31, 32, 35, 32, 29] FAIL
[84, 81, 83, 83] FAIL
[87, 81, 83, 83] FAIL
[87, 84, 83, 83] FAIL
[87, 84, 81, 83] FAIL
[87, 84, 81, 83] FAIL
[87, 84, 81, 83, 83] FAIL
[41, 44, 47, 48, 45, 49] FAIL
[43, 44, 47, 48, 45, 49] FAIL
[43, 41, 47, 48, 45, 49] FAIL
[43, 41, 44, 48, 45, 49] FAIL
[43, 41, 44, 47, 45, 49] FAIL
[43, 41, 44, 47, 48, 49] FAIL
[43, 41, 44, 47, 48, 45] FAIL
[43, 41, 44, 47, 48, 45, 49] FAIL
[48, 51, 53, 54, 57, 54, 61] FAIL
[49, 51, 53, 54, 57, 54, 61] FAIL
[49, 48, 53, 54, 57, 54, 61] FAIL
[49, 48, 51, 54, 57, 54, 61] FAIL
[49, 48, 51, 53, 57, 54, 61] FAIL
[49, 48, 51, 53, 54, 54, 61] FAIL
[49, 48, 51, 53, 54, 57, 61] FAIL
[49, 48, 51, 53, 54, 57, 54] FAIL
[49, 48, 51, 53, 54, 57, 54, 61] FAIL
[66, 69, 69, 72, 75, 77] FAIL
[68, 69, 69, 72, 75, 77] FAIL
[68, 66, 69, 72, 75, 77] FAIL
[68, 66, 69, 72, 75, 77] FAIL
[68, 66, 69, 69, 75, 77] FAIL
[68, 66, 69, 69, 72, 77] FAIL
[68, 66, 69, 69, 72, 75] FAIL
[68, 66, 69, 69, 72, 75, 77] FAIL
[7, 8, 10, 10, 12, 11] FAIL
[9, 8, 10, 10, 12, 11] FAIL
[9, 7, 10, 10, 12, 11] FAIL
[9, 7, 8, 10, 12, 11] FAIL
[9, 7, 8, 10, 12, 11] FAIL
[9, 7, 8, 10, 10, 11] FAIL
[9, 7, 8, 10, 10, 12] FAIL
[9, 7, 8, 10, 10, 12, 11] FAIL
[74, 77, 77, 77] FAIL
[77, 77, 77, 77] FAIL
[77, 74, 77, 77] FAIL
[77, 74, 77, 77] FAIL
[77, 74, 77, 77] FAIL
[77, 74, 77, 77, 77] FAIL
[2, 4, 4, 8] FAIL
[5, 4, 4, 8] FAIL
[5, 2, 4, 8] FAIL
[5, 2, 4, 8] FAIL
[5, 2, 4, 4] FAIL
[5, 2, 4, 4, 8] FAIL
[33, 36, 36, 42] FAIL
[34, 36, 36, 42] FAIL
[34, 33, 36, 42] FAIL
[34, 33, 36, 42] FAIL
[34, 33, 36, 36] FAIL
[34, 33, 36, 36, 42] FAIL
[9, 13, 15, 18, 21] FAIL
[11, 13, 15, 18, 21] PASS
[21, 22, 23, 27, 24] FAIL
[22, 22, 23, 27, 24] FAIL
[22, 21, 23, 27, 24] FAIL
[22, 21, 22, 27, 24] FAIL
[22, 21, 22, 23, 24] FAIL
[22, 21, 22, 23, 27] FAIL
[22, 21, 22, 23, 27, 24] FAIL
[67, 70, 74, 77, 80, 82, 82] FAIL
[68, 70, 74, 77, 80, 82, 82] FAIL
[68, 67, 74, 77, 80, 82, 82] FAIL
[68, 67, 70, 77, 80, 82, 82] FAIL
[68, 67, 70, 74, 80, 82, 82] FAIL
[68, 67, 70, 74, 77, 82, 82] FAIL
[68, 67, 70, 74, 77, 80, 82] FAIL
[68, 67, 70, 74, 77, 80, 82] FAIL
[68, 67, 70, 74, 77, 80, 82, 82] FAIL
[86, 87, 91, 95] FAIL
[87, 87, 91, 95] FAIL
[87, 86, 91, 95] FAIL
[87, 86, 87, 95] FAIL
[87, 86, 87, 91] FAIL
[87, 86, 87, 91, 95] FAIL
[23, 27, 28, 30, 35] FAIL
[26, 27, 28, 30, 35] FAIL
[26, 23, 28, 30, 35] FAIL
[26, 23, 27, 30, 35] FAIL
[26, 23, 27, 28, 35] FAIL
[26, 23, 27, 28, 30] FAIL
[26, 23, 27, 28, 30, 35] FAIL
[20, 21, 28, 31] FAIL
[23, 21, 28, 31] FAIL
[23, 20, 28, 31] FAIL
[23, 20, 21, 31] FAIL
[23, 20, 21, 28] FAIL
[23, 20, 21, 28, 31] FAIL
[83, 89, 92, 95, 96, 94] FAIL
[85, 89, 92, 95, 96, 94] FAIL
[85, 83, 92, 95, 96, 94] FAIL
[85, 83, 89, 95, 96, 94] FAIL
[85, 83, 89, 92, 96, 94] FAIL
[85, 83, 89, 92, 95, 94] FAIL
[85, 83, 89, 92, 95, 96] FAIL
[85, 83, 89, 92, 95, 96, 94] FAIL
[31, 38, 40, 40] FAIL
[32, 38, 40, 40] FAIL
[32, 31, 40, 40] FAIL
[32, 31, 38, 40] FAIL
[32, 31, 38, 40] FAIL
[32, 31, 38, 40, 40] FAIL
[38, 40, 41, 43, 49, 51, 55] FAIL
[40, 40, 41, 43, 49, 51, 55] FAIL
[40, 38, 41, 43, 49, 51, 55] FAIL
[40, 38, 40, 43, 49, 51, 55] FAIL
[40, 38, 40, 41, 49, 51, 55] FAIL
[40, 38, 40, 41, 43, 51, 55] FAIL
[40, 38, 40, 41, 43, 49, 55] FAIL
[40, 38, 40, 41, 43, 49, 51] FAIL
[40, 38, 40, 41, 43, 49, 51, 55] FAIL
[19, 21, 23, 29, 35] FAIL
[22, 21, 23, 29, 35] FAIL
[22, 19, 23, 29, 35] FAIL
[22, 19, 21, 29, 35] FAIL
[22, 19, 21, 23, 35] FAIL
[22, 19, 21, 23, 29] FAIL
[22, 19, 21, 23, 29, 35] FAIL
[86, 89, 91, 94, 96, 98] PASS
[72, 73, 75, 77, 78, 76] FAIL
[42, 45, 48, 49, 49] FAIL
[41, 43, 46, 48, 49, 53] FAIL
[35, 37, 39, 41, 43, 48] FAIL
[85, 86, 83, 86, 87, 88, 91] FAIL
[20, 19, 20, 21, 20] FAIL
[13, 14, 13, 15, 18, 18] FAIL
[48, 50, 48, 50, 54] FAIL
[26, 23, 25, 30] FAIL
[62, 64, 66, 66, 67] FAIL
[31, 32, 34, 35, 35, 38, 37] FAIL
[11, 14, 14, 14] FAIL
[6, 9, 12, 12, 13, 14, 18] FAIL
[5, 5, 7, 9, 14] FAIL
[87, 91, 92, 95, 96, 99] FAIL
[61, 65, 67, 64] FAIL
[77, 78, 82, 85, 85] FAIL
[48, 52, 53, 57] FAIL
[69, 70, 74, 81] FAIL
[29, 30, 32, 35, 37, 44, 46] FAIL
[52, 54, 56, 57, 63, 64, 62] FAIL
[42, 45, 47, 48, 51, 57, 57] FAIL
[57, 60, 65, 69] FAIL
[28, 33, 34, 36, 38, 44] FAIL
[45, 48, 50, 52, 55, 58] PASS
[83, 84, 85, 86, 83] FAIL
[79, 84, 85, 86, 83] FAIL
[79, 83, 85, 86, 83] FAIL
[79, 83, 84, 86, 83] FAIL
[79, 83, 84, 85, 83] FAIL
[79, 83, 84, 85, 86] FAIL
[79, 83, 84, 85, 86, 83] FAIL
[73, 74, 77, 79, 81, 81] FAIL
[69, 74, 77, 79, 81, 81] FAIL
[69, 73, 77, 79, 81, 81] FAIL
[69, 73, 74, 79, 81, 81] FAIL
[69, 73, 74, 77, 81, 81] FAIL
[69, 73, 74, 77, 79, 81] FAIL
[69, 73, 74, 77, 79, 81] FAIL
[69, 73, 74, 77, 79, 81, 81] FAIL
[18, 21, 22, 24, 28] FAIL
[14, 21, 22, 24, 28] FAIL
[14, 18, 22, 24, 28] FAIL
[14, 18, 21, 24, 28] FAIL
[14, 18, 21, 22, 28] FAIL
[14, 18, 21, 22, 24] FAIL
[14, 18, 21, 22, 24, 28] FAIL
[30, 33, 36, 43] FAIL
[26, 33, 36, 43] FAIL
[26, 30, 36, 43] FAIL
[26, 30, 33, 43] FAIL
[26, 30, 33, 36] FAIL
[26, 30, 33, 36, 43] FAIL
[12, 13, 12, 14, 16, 17] FAIL
[8, 13, 12, 14, 16, 17] FAIL
[8, 12, 12, 14, 16, 17] FAIL
[8, 12, 13, 14, 16, 17] FAIL
[8, 12, 13, 12, 16, 17] FAIL
[8, 12, 13, 12, 14, 17] FAIL
[8, 12, 13, 12, 14, 16] FAIL
[8, 12, 13, 12, 14, 16, 17] FAIL
[88, 91, 92, 89, 92, 94, 92] FAIL
[84, 91, 92, 89, 92, 94, 92] FAIL
[84, 88, 92, 89, 92, 94, 92] FAIL
[84, 88, 91, 89, 92, 94, 92] FAIL
[84, 88, 91, 92, 92, 94, 92] FAIL
[84, 88, 91, 92, 89, 94, 92] FAIL
[84, 88, 91, 92, 89, 92, 92] FAIL
[84, 88, 91, 92, 89, 92, 94] FAIL
[84, 88, 91, 92, 89, 92, 94, 92] FAIL
[34, 32, 34, 37, 37] FAIL
[30, 32, 34, 37, 37] FAIL
[30, 34, 34, 37, 37] FAIL
[30, 34, 32, 37, 37] FAIL
[30, 34, 32, 34, 37] FAIL
[30, 34, 32, 34, 37] FAIL
[30, 34, 32, 34, 37, 37] FAIL
[7, 5, 6, 9, 10, 14] FAIL
[3, 5, 6, 9, 10, 14] FAIL
[3, 7, 6, 9, 10, 14] FAIL
[3, 7, 5, 9, 10, 14] FAIL
[3, 7, 5, 6, 10, 14] FAIL
[3, 7, 5, 6, 9, 14] FAIL
[3, 7, 5, 6, 9, 10] FAIL
[3, 7, 5, 6, 9, 10, 14] FAIL
[35, 37, 35, 36, 39, 45] FAIL
[31, 37, 35, 36, 39, 45] FAIL
[31, 35, 35, 36, 39, 45] FAIL
[31, 35, 37, 36, 39, 45] FAIL
[31, 35, 37, 35, 39, 45] FAIL
[31, 35, 37, 35, 36, 45] FAIL
[31, 35, 37, 35, 36, 39] FAIL
[31, 35, 37, 35, 36, 39, 45] FAIL
[63, 65, 66, 67, 67, 68] FAIL
[59, 65, 66, 67, 67, 68] FAIL
[59, 63, 66, 67, 67, 68] FAIL
[59, 63, 65, 67, 67, 68] FAIL
[59, 63, 65, 66, 67, 68] FAIL
[59, 63, 65, 66, 67, 68] FAIL
[59, 63, 65, 66, 67, 67] FAIL
[59, 63, 65, 66, 67, 67, 68] FAIL
[17, 18, 21, 21, 18] FAIL
[13, 18, 21, 21, 18] FAIL
[13, 17, 21, 21, 18] FAIL
[13, 17, 18, 21, 18] FAIL
[13, 17, 18, 21, 18] FAIL
[13, 17, 18, 21, 21] FAIL
[13, 17, 18, 21, 21, 18] FAIL
[76, 78, 79, 82, 82, 82] FAIL
[72, 78, 79, 82, 82, 82] FAIL
[72, 76, 79, 82, 82, 82] FAIL
[72, 76, 78, 82, 82, 82] FAIL
[72, 76, 78, 79, 82, 82] FAIL
[72, 76, 78, 79, 82, 82] FAIL
[72, 76, 78, 79, 82, 82] FAIL
[72, 76, 78, 79, 82, 82, 82] FAIL
[8, 9, 9, 10, 13, 14, 18] FAIL
[4, 9, 9, 10, 13, 14, 18] FAIL
[4, 8, 9, 10, 13, 14, 18] FAIL
[4, 8, 9, 10, 13, 14, 18] FAIL
[4, 8, 9, 9, 13, 14, 18] FAIL
[4, 8, 9, 9, 10, 14, 18] FAIL
[4, 8, 9, 9, 10, 13, 18] FAIL
[4, 8, 9, 9, 10, 13, 14] FAIL
[4, 8, 9, 9, 10, 13, 14, 18] FAIL
[46, 49, 49, 52, 57] FAIL
[42, 49, 49, 52, 57] FAIL
[42, 46, 49, 52, 57] FAIL
[42, 46, 49, 52, 57] FAIL
[42, 46, 49, 49, 57] FAIL
[42, 46, 49, 49, 52] FAIL
[42, 46, 49, 49, 52, 57] FAIL
[21, 24, 28, 29] FAIL
[17, 24, 28, 29] FAIL
[17, 21, 28, 29] FAIL
[17, 21, 24, 29] FAIL
[17, 21, 24, 28] FAIL
[17, 21, 24, 28, 29] FAIL
[68, 69, 73, 75, 78, 77] FAIL
[64, 69, 73, 75, 78, 77] FAIL
[64, 68, 73, 75, 78, 77] FAIL
[64, 68, 69, 75, 78, 77] FAIL
[64, 68, 69, 73, 78, 77] FAIL
[64, 68, 69, 73, 75, 77] FAIL
[64, 68, 69, 73, 75, 78] FAIL
[64, 68, 69, 73, 75, 78, 77] FAIL
[61, 63, 67, 67] FAIL
[57, 63, 67, 67] FAIL
[57, 61, 67, 67] FAIL
[57, 61, 63, 67] FAIL
[57, 61, 63, 67] FAIL
[57, 61, 63, 67, 67] FAIL
[15, 19, 22, 26] FAIL
[11, 19, 22, 26] FAIL
[11, 15, 22, 26] FAIL
[11, 15, 19, 26] FAIL
[11, 15, 19, 22] FAIL
[11, 15, 19, 22, 26] FAIL
[82, 83, 87, 94] FAIL
[78, 83, 87, 94] FAIL
[78, 82, 87, 94] FAIL
[78, 82, 83, 94] FAIL
[78, 82, 83, 87] FAIL
[78, 82, 83, 87, 94] FAIL
[38, 45, 47, 48, 49, 52] FAIL
[34, 45, 47, 48, 49, 52] FAIL
[34, 38, 47, 48, 49, 52] FAIL
[34, 38, 45, 48, 49, 52] FAIL
[34, 38, 45, 47, 49, 52] FAIL
[34, 38, 45, 47, 48, 52] FAIL
[34, 38, 45, 47, 48, 49] FAIL
[34, 38, 45, 47, 48, 49, 52] FAIL
[48, 55, 56, 55] FAIL
[44, 55, 56, 55] FAIL
[44, 48, 56, 55] FAIL
[44, 48, 55, 55] FAIL
[44, 48, 55, 56] FAIL
[44, 48, 55, 56, 55] FAIL
[49, 52, 57, 59, 60, 63, 63] FAIL
[45, 52, 57, 59, 60, 63, 63] FAIL
[45, 49, 57, 59, 60, 63, 63] FAIL
[45, 49, 52, 59, 60, 63, 63] FAIL
[45, 49, 52, 57, 60, 63, 63] FAIL
[45, 49, 52, 57, 59, 63, 63] FAIL
[45, 49, 52, 57, 59, 60, 63] FAIL
[45, 49, 52, 57, 59, 60, 63] FAIL
[45, 49, 52, 57, 59, 60, 63, 63] FAIL
[52, 55, 62, 66] FAIL
[48, 55, 62, 66] FAIL
[48, 52, 62, 66] FAIL
[48, 52, 55, 66] FAIL
[48, 52, 55, 62] FAIL
[48, 52, 55, 62, 66] FAIL
[18, 20, 27, 34] FAIL
[14, 20, 27, 34] FAIL
[14, 18, 27, 34] FAIL
[14, 18, 20, 34] FAIL
[14, 18, 20, 27] FAIL
[14, 18, 20, 27, 34] FAIL
[15, 18, 20, 23, 25] PASS
[10, 11, 12, 14, 17, 18, 16] FAIL
[4, 11, 12, 14, 17, 18, 16] FAIL
[4, 10, 12, 14, 17, 18, 16] FAIL
[4, 10, 11, 14, 17, 18, 16] FAIL
[4, 10, 11, 12, 17, 18, 16] FAIL
[4, 10, 11, 12, 14, 18, 16] FAIL
[4, 10, 11, 12, 14, 17, 16] FAIL
[4, 10, 11, 12, 14, 17, 18] FAIL
[4, 10, 11, 12, 14, 17, 18, 16] FAIL
[10, 12, 13, 15, 17, 17] FAIL
[4, 12, 13, 15, 17, 17] FAIL
[4, 10, 13, 15, 17, 17] FAIL
[4, 10, 12, 15, 17, 17] FAIL
[4, 10, 12, 13, 17, 17] FAIL
[4, 10, 12, 13, 15, 17] FAIL
[4, 10, 12, 13, 15, 17] FAIL
[4, 10, 12, 13, 15, 17, 17] FAIL
[23, 24, 25, 27, 31] FAIL
[18, 24, 25, 27, 31] FAIL
[18, 23, 25, 27, 31] FAIL
[18, 23, 24, 27, 31] FAIL
[18, 23, 24, 25, 31] FAIL
[18, 23, 24, 25, 27] FAIL
[18, 23, 24, 25, 27, 31] FAIL
[33, 35, 37, 40, 42, 47] FAIL
[27, 35, 37, 40, 42, 47] FAIL
[27, 33, 37, 40, 42, 47] FAIL
[27, 33, 35, 40, 42, 47] FAIL
[27, 33, 35, 37, 42, 47] FAIL
[27, 33, 35, 37, 40, 47] FAIL
[27, 33, 35, 37, 40, 42] FAIL
[27, 33, 35, 37, 40, 42, 47] FAIL
[22, 24, 21, 22, 25, 27] FAIL
[16, 24, 21, 22, 25, 27] FAIL
[16, 22, 21, 22, 25, 27] FAIL
[16, 22, 24, 22, 25, 27] FAIL
[16, 22, 24, 21, 25, 27] FAIL
[16, 22, 24, 21, 22, 27] FAIL
[16, 22, 24, 21, 22, 25] FAIL
[16, 22, 24, 21, 22, 25, 27] FAIL
[49, 52, 49, 47] FAIL
[42, 52, 49, 47] FAIL
[42, 49, 49, 47] FAIL
[42, 49, 52, 47] FAIL
[42, 49, 52, 49] FAIL
[42, 49, 52, 49, 47] FAIL
[44, 45, 43, 44, 46, 49, 49] FAIL
[39, 45, 43, 44, 46, 49, 49] FAIL
[39, 44, 43, 44, 46, 49, 49] FAIL
[39, 44, 45, 44, 46, 49, 49] FAIL
[39, 44, 45, 43, 46, 49, 49] FAIL
[39, 44, 45, 43, 44, 49, 49] FAIL
[39, 44, 45, 43, 44, 46, 49] FAIL
[39, 44, 45, 43, 44, 46, 49] FAIL
[39, 44, 45, 43, 44, 46, 49, 49] FAIL
[36, 39, 42, 45, 46, 43, 47] FAIL
[29, 39, 42, 45, 46, 43, 47] FAIL
[29, 36, 42, 45, 46, 43, 47] FAIL
[29, 36, 39, 45, 46, 43, 47] FAIL
[29, 36, 39, 42, 46, 43, 47] FAIL
[29, 36, 39, 42, 45, 43, 47] FAIL
[29, 36, 39, 42, 45, 46, 47] FAIL
[29, 36, 39, 42, 45, 46, 43] FAIL
[29, 36, 39, 42, 45, 46, 43, 47] FAIL
[42, 43, 42, 45, 48, 53] FAIL
[37, 43, 42, 45, 48, 53] FAIL
[37, 42, 42, 45, 48, 53] FAIL
[37, 42, 43, 45, 48, 53] FAIL
[37, 42, 43, 42, 48, 53] FAIL
[37, 42, 43, 42, 45, 53] FAIL
[37, 42, 43, 42, 45, 48] FAIL
[37, 42, 43, 42, 45, 48, 53] FAIL
[60, 63, 63, 65] FAIL
[54, 63, 63, 65] FAIL
[54, 60, 63, 65] FAIL
[54, 60, 63, 65] FAIL
[54, 60, 63, 63] FAIL
[54, 60, 63, 63, 65] FAIL
[71, 73, 76, 76, 79, 77] FAIL
[66, 73, 76, 76, 79, 77] FAIL
[66, 71, 76, 76, 79, 77] FAIL
[66, 71, 73, 76, 79, 77] FAIL
[66, 71, 73, 76, 79, 77] FAIL
[66, 71, 73, 76, 76, 77] FAIL
[66, 71, 73, 76, 76, 79] FAIL
[66, 71, 73, 76, 76, 79, 77] FAIL
[62, 62, 64, 66, 66] FAIL
[56, 62, 64, 66, 66] FAIL
[56, 62, 64, 66, 66] FAIL
[56, 62, 62, 66, 66] FAIL
[56, 62, 62, 64, 66] FAIL
[56, 62, 62, 64, 66] FAIL
[56, 62, 62, 64, 66, 66] FAIL
[76, 79, 82, 83, 83, 87] FAIL
[69, 79, 82, 83, 83, 87] FAIL
[69, 76, 82, 83, 83, 87] FAIL
[69, 76, 79, 83, 83, 87] FAIL
[69, 76, 79, 82, 83, 87] FAIL
[69, 76, 79, 82, 83, 87] FAIL
[69, 76, 79, 82, 83, 83] FAIL
[69, 76, 79, 82, 83, 83, 87] FAIL
[84, 84, 87, 93] FAIL
[77, 84, 87, 93] FAIL
[77, 84, 87, 93] FAIL
[77, 84, 84, 93] FAIL
[77, 84, 84, 87] FAIL
[77, 84, 84, 87, 93] FAIL
[81, 85, 87, 89, 91, 94] FAIL
[76, 85, 87, 89, 91, 94] FAIL
[76, 81, 87, 89, 91, 94] FAIL
[76, 81, 85, 89, 91, 94] FAIL
[76, 81, 85, 87, 91, 94] FAIL
[76, 81, 85, 87, 89, 94] FAIL
[76, 81, 85, 87, 89, 91] FAIL
[76, 81, 85, 87, 89, 91, 94] FAIL
[77, 81, 82, 85, 87, 89, 87] FAIL
[70, 81, 82, 85, 87, 89, 87] FAIL
[70, 77, 82, 85, 87, 89, 87] FAIL
[70, 77, 81, 85, 87, 89, 87] FAIL
[70, 77, 81, 82, 87, 89, 87] FAIL
[70, 77, 81, 82, 85, 89, 87] FAIL
[70, 77, 81, 82, 85, 87, 87] FAIL
[70, 77, 81, 82, 85, 87, 89] FAIL
[70, 77, 81, 82, 85, 87, 89, 87] FAIL
[20, 22, 26, 28, 28] FAIL
[14, 22, 26, 28, 28] FAIL
[14, 20, 26, 28, 28] FAIL
[14, 20, 22, 28, 28] FAIL
[14, 20, 22, 26, 28] FAIL
[14, 20, 22, 26, 28] FAIL
[14, 20, 22, 26, 28, 28] FAIL
[61, 65, 68, 72] FAIL
[56, 65, 68, 72] FAIL
[56, 61, 68, 72] FAIL
[56, 61, 65, 72] FAIL
[56, 61, 65, 68] FAIL
[56, 61, 65, 68, 72] FAIL
[85, 86, 90, 95] FAIL
[78, 86, 90, 95] FAIL
[78, 85, 90, 95] FAIL
[78, 85, 86, 95] FAIL
[78, 85, 86, 90] FAIL
[78, 85, 86, 90, 95] FAIL
[29, 30, 36, 39, 40, 42, 44] FAIL
[22, 30, 36, 39, 40, 42, 44] FAIL
[22, 29, 36, 39, 40, 42, 44] FAIL
[22, 29, 30, 39, 40, 42, 44] FAIL
[22, 29, 30, 36, 40, 42, 44] FAIL
[22, 29, 30, 36, 39, 42, 44] FAIL
[22, 29, 30, 36, 39, 40, 44] FAIL
[22, 29, 30, 36, 39, 40, 42] FAIL
[22, 29, 30, 36, 39, 40, 42, 44] FAIL
[25, 27, 28, 35, 38, 39, 38] FAIL
[18, 27, 28, 35, 38, 39, 38] FAIL
[18, 25, 28, 35, 38, 39, 38] FAIL
[18, 25, 27, 35, 38, 39, 38] FAIL
[18, 25, 27, 28, 38, 39, 38] FAIL
[18, 25, 27, 28, 35, 39, 38] FAIL
[18, 25, 27, 28, 35, 38, 38] FAIL
[18, 25, 27, 28, 35, 38, 39] FAIL
[18, 25, 27, 28, 35, 38, 39, 38] FAIL
[21, 24, 25, 27, 34, 34] FAIL
[15, 24, 25, 27, 34, 34] FAIL
[15, 21, 25, 27, 34, 34] FAIL
[15, 21, 24, 27, 34, 34] FAIL
[15, 21, 24, 25, 34, 34] FAIL
[15, 21, 24, 25, 27, 34] FAIL
[15, 21, 24, 25, 27, 34] FAIL
[15, 21, 24, 25, 27, 34, 34] FAIL
[26, 27, 33, 36, 40] FAIL
[21, 27, 33, 36, 40] FAIL
[21, 26, 33, 36, 40] FAIL
[21, 26, 27, 36, 40] FAIL
[21, 26, 27, 33, 40] FAIL
[21, 26, 27, 33, 36] FAIL
[21, 26, 27, 33, 36, 40] FAIL
[48, 49, 51, 52, 57, 64] FAIL
[42, 49, 51, 52, 57, 64] FAIL
[42, 48, 51, 52, 57, 64] FAIL
[42, 48, 49, 52, 57, 64] FAIL
[42, 48, 49, 51, 57, 64] FAIL
[42, 48, 49, 51, 52, 64] FAIL
[42, 48, 49, 51, 52, 57] FAIL
[42, 48, 49, 51, 52, 57, 64] FAIL
[96, 94, 91, 88, 89] FAIL
[97, 94, 91, 88, 89] FAIL
[97, 96, 91, 88, 89] FAIL
[97, 96, 94, 88, 89] FAIL
[97, 96, 94, 91, 89] PASS
[71, 68, 67, 66, 66] FAIL
[74, 68, 67, 66, 66] FAIL
[74, 71, 67, 66, 66] FAIL
[74, 71, 68, 66, 66] FAIL
[74, 71, 68, 67, 66] PASS
[64, 61, 58, 57, 53] FAIL
[67, 61, 58, 57, 53] FAIL
[67, 64, 58, 57, 53] FAIL
[67, 64, 61, 57, 53] FAIL
[67, 64, 61, 58, 53] FAIL
[67, 64, 61, 58, 57] PASS
[61, 60, 57, 54, 52, 51, 44] FAIL
[63, 60, 57, 54, 52, 51, 44] FAIL
[63, 61, 57, 54, 52, 51, 44] FAIL
[63, 61, 60, 54, 52, 51, 44] FAIL
[63, 61, 60, 57, 52, 51, 44] FAIL
[63, 61, 60, 57, 54, 51, 44] FAIL
[63, 61, 60, 57, 54, 52, 44] FAIL
[63, 61, 60, 57, 54, 52, 51] PASS
[40, 37, 35, 34, 35, 33] FAIL
[41, 37, 35, 34, 35, 33] FAIL
[41, 40, 35, 34, 35, 33] FAIL
[41, 40, 37, 34, 35, 33] FAIL
[41, 40, 37, 35, 35, 33] FAIL
[41, 40, 37, 35, 34, 33] PASS
[50, 52, 51, 52] FAIL
[53, 52, 51, 52] FAIL
[53, 50, 51, 52] FAIL
[53, 50, 52, 52] FAIL
[53, 50, 52, 51] FAIL
[53, 50, 52, 51, 52] FAIL
[28, 25, 24, 23, 20, 22, 22] FAIL
[31, 25, 24, 23, 20, 22, 22] FAIL
[31, 28, 24, 23, 20, 22, 22] FAIL
[31, 28, 25, 23, 20, 22, 22] FAIL
[31, 28, 25, 24, 20, 22, 22] FAIL
[31, 28, 25, 24, 23, 22, 22] FAIL
[31, 28, 25, 24, 23, 20, 22] FAIL
[31, 28, 25, 24, 23, 20, 22] FAIL
[31, 28, 25, 24, 23, 20, 22, 22] FAIL
[24, 27, 25, 24, 21, 18, 14] FAIL
[25, 27, 25, 24, 21, 18, 14] FAIL
[25, 24, 25, 24, 21, 18, 14] FAIL
[25, 24, 27, 24, 21, 18, 14] FAIL
[25, 24, 27, 25, 21, 18, 14] FAIL
[25, 24, 27, 25, 24, 18, 14] FAIL
[25, 24, 27, 25, 24, 21, 14] FAIL
[25, 24, 27, 25, 24, 21, 18] FAIL
[25, 24, 27, 25, 24, 21, 18, 14] FAIL
[80, 78, 81, 78, 76, 70] FAIL
[82, 78, 81, 78, 76, 70] FAIL
[82, 80, 81, 78, 76, 70] FAIL
[82, 80, 78, 78, 76, 70] FAIL
[82, 80, 78, 81, 76, 70] FAIL
[82, 80, 78, 81, 78, 70] FAIL
[82, 80, 78, 81, 78, 76] FAIL
[82, 80, 78, 81, 78, 76, 70] FAIL
[33, 32, 31, 31, 30] FAIL
[36, 32, 31, 31, 30] FAIL
[36, 33, 31, 31, 30] FAIL
[36, 33, 32, 31, 30] PASS
[65, 65, 64, 63, 61, 59, 61] FAIL
[66, 65, 64, 63, 61, 59, 61] FAIL
[66, 65, 64, 63, 61, 59, 61] FAIL
[66, 65, 65, 63, 61, 59, 61] FAIL
[66, 65, 65, 64, 61, 59, 61] FAIL
[66, 65, 65, 64, 63, 59, 61] FAIL
[66, 65, 65, 64, 63, 61, 61] FAIL
[66, 65, 65, 64, 63, 61, 59] FAIL
[66, 65, 65, 64, 63, 61, 59, 61] FAIL
[79, 79, 76, 75, 72, 72] FAIL
[82, 79, 76, 75, 72, 72] FAIL
[82, 79, 76, 75, 72, 72] FAIL
[82, 79, 79, 75, 72, 72] FAIL
[82, 79, 79, 76, 72, 72] FAIL
[82, 79, 79, 76, 75, 72] FAIL
[82, 79, 79, 76, 75, 72] FAIL
[82, 79, 79, 76, 75, 72, 72] FAIL
[92, 90, 90, 87, 85, 81] FAIL
[94, 90, 90, 87, 85, 81] FAIL
[94, 92, 90, 87, 85, 81] FAIL
[94, 92, 90, 87, 85, 81] FAIL
[94, 92, 90, 90, 85, 81] FAIL
[94, 92, 90, 90, 87, 81] FAIL
[94, 92, 90, 90, 87, 85] FAIL
[94, 92, 90, 90, 87, 85, 81] FAIL
[19, 19, 18, 13] FAIL
[22, 19, 18, 13] FAIL
[22, 19, 18, 13] FAIL
[22, 19, 19, 13] FAIL
[22, 19, 19, 18] FAIL
[22, 19, 19, 18, 13] FAIL
[38, 35, 34, 31, 29, 25, 24] FAIL
[39, 35, 34, 31, 29, 25, 24] FAIL
[39, 38, 34, 31, 29, 25, 24] FAIL
[39, 38, 35, 31, 29, 25, 24] FAIL
[39, 38, 35, 34, 29, 25, 24] FAIL
[39, 38, 35, 34, 31, 25, 24] FAIL
[39, 38, 35, 34, 31, 29, 24] FAIL
[39, 38, 35, 34, 31, 29, 25] FAIL
[39, 38, 35, 34, 31, 29, 25, 24] FAIL
[70, 67, 63, 62, 59, 58, 59] FAIL
[72, 67, 63, 62, 59, 58, 59] FAIL
[72, 70, 63, 62, 59, 58, 59] FAIL
[72, 70, 67, 62, 59, 58, 59] FAIL
[72, 70, 67, 63, 59, 58, 59] FAIL
[72, 70, 67, 63, 62, 58, 59] FAIL
[72, 70, 67, 63, 62, 59, 59] FAIL
[72, 70, 67, 63, 62, 59, 58] FAIL
[72, 70, 67, 63, 62, 59, 58, 59] FAIL
[26, 23, 19, 19] FAIL
[28, 23, 19, 19] FAIL
[28, 26, 19, 19] FAIL
[28, 26, 23, 19] FAIL
[28, 26, 23, 19] FAIL
[28, 26, 23, 19, 19] FAIL
[22, 20, 16, 13, 10, 9, 5] FAIL
[24, 20, 16, 13, 10, 9, 5] FAIL
[24, 22, 16, 13, 10, 9, 5] FAIL
[24, 22, 20, 13, 10, 9, 5] FAIL
[24, 22, 20, 16, 10, 9, 5] FAIL
[24, 22, 20, 16, 13, 9, 5] FAIL
[24, 22, 20, 16, 13, 10, 5] FAIL
[24, 22, 20, 16, 13, 10, 9] FAIL
[24, 22, 20, 16, 13, 10, 9, 5] FAIL
[62, 58, 57, 52] FAIL
[63, 58, 57, 52] FAIL
[63, 62, 57, 52] FAIL
[63, 62, 58, 52] FAIL
[63, 62, 58, 57] FAIL
[63, 62, 58, 57, 52] FAIL
[25, 23, 21, 16, 14, 13, 11] FAIL
[27, 23, 21, 16, 14, 13, 11] FAIL
[27, 25, 21, 16, 14, 13, 11] FAIL
[27, 25, 23, 16, 14, 13, 11] FAIL
[27, 25, 23, 21, 14, 13, 11] FAIL
[27, 25, 23, 21, 16, 13, 11] FAIL
[27, 25, 23, 21, 16, 14, 11] FAIL
[27, 25, 23, 21, 16, 14, 13] FAIL
[27, 25, 23, 21, 16, 14, 13, 11] FAIL
[74, 72, 65, 64, 65] FAIL
[76, 72, 65, 64, 65] FAIL
[76, 74, 65, 64, 65] FAIL
[76, 74, 72, 64, 65] FAIL
[76, 74, 72, 65, 65] FAIL
[76, 74, 72, 65, 64] FAIL
[76, 74, 72, 65, 64, 65] FAIL
[23, 17, 14, 14] FAIL
[25, 17, 14, 14] FAIL
[25, 23, 14, 14] FAIL
[25, 23, 17, 14] FAIL
[25, 23, 17, 14] FAIL
[25, 23, 17, 14, 14] FAIL
[77, 76, 69, 68, 67, 64, 60] FAIL
[78, 76, 69, 68, 67, 64, 60] FAIL
[78, 77, 69, 68, 67, 64, 60] FAIL
[78, 77, 76, 68, 67, 64, 60] FAIL
[78, 77, 76, 69, 67, 64, 60] FAIL
[78, 77, 76, 69, 68, 64, 60] FAIL
[78, 77, 76, 69, 68, 67, 60] FAIL
[78, 77, 76, 69, 68, 67, 64] FAIL
[78, 77, 76, 69, 68, 67, 64, 60] FAIL
[76, 70, 68, 66, 65, 63, 58] FAIL
[78, 70, 68, 66, 65, 63, 58] FAIL
[78, 76, 68, 66, 65, 63, 58] FAIL
[78, 76, 70, 66, 65, 63, 58] FAIL
[78, 76, 70, 68, 65, 63, 58] FAIL
[78, 76, 70, 68, 66, 63, 58] FAIL
[78, 76, 70, 68, 66, 65, 58] FAIL
[78, 76, 70, 68, 66, 65, 63] FAIL
[78, 76, 70, 68, 66, 65, 63, 58] FAIL
[66, 64, 63, 62, 61, 60, 57] PASS
[63, 60, 57, 54, 53, 56] FAIL
[61, 60, 57, 54, 53, 56] FAIL
[61, 63, 57, 54, 53, 56] FAIL
[61, 63, 60, 54, 53, 56] FAIL
[61, 63, 60, 57, 53, 56] FAIL
[61, 63, 60, 57, 54, 56] FAIL
[61, 63, 60, 57, 54, 53] FAIL
[61, 63, 60, 57, 54, 53, 56] FAIL
[92, 89, 88, 85, 83, 82, 82] FAIL
[90, 89, 88, 85, 83, 82, 82] FAIL
[90, 92, 88, 85, 83, 82, 82] FAIL
[90, 92, 89, 85, 83, 82, 82] FAIL
[90, 92, 89, 88, 83, 82, 82] FAIL
[90, 92, 89, 88, 85, 82, 82] FAIL
[90, 92, 89, 88, 85, 83, 82] FAIL
[90, 92, 89, 88, 85, 83, 82] FAIL
[90, 92, 89, 88, 85, 83, 82, 82] FAIL
[42, 39, 38, 36, 35, 33, 29] FAIL
[41, 39, 38, 36, 35, 33, 29] FAIL
[41, 42, 38, 36, 35, 33, 29] FAIL
[41, 42, 39, 36, 35, 33, 29] FAIL
[41, 42, 39, 38, 35, 33, 29] FAIL
[41, 42, 39, 38, 36, 33, 29] FAIL
[41, 42, 39, 38, 36, 35, 29] FAIL
[41, 42, 39, 38, 36, 35, 33] FAIL
[41, 42, 39, 38, 36, 35, 33, 29] FAIL
[17, 15, 12, 11, 9, 3] FAIL
[15, 15, 12, 11, 9, 3] FAIL
[15, 17, 12, 11, 9, 3] FAIL
[15, 17, 15, 11, 9, 3] FAIL
[15, 17, 15, 12, 9, 3] FAIL
[15, 17, 15, 12, 11, 3] FAIL
[15, 17, 15, 12, 11, 9] FAIL
[15, 17, 15, 12, 11, 9, 3] FAIL
[79, 78, 77, 80, 79, 76] FAIL
[77, 78, 77, 80, 79, 76] FAIL
[77, 79, 77, 80, 79, 76] FAIL
[77, 79, 78, 80, 79, 76] FAIL
[77, 79, 78, 77, 79, 76] FAIL
[77, 79, 78, 77, 80, 76] FAIL
[77, 79, 78, 77, 80, 79] FAIL
[77, 79, 78, 77, 80, 79, 76] FAIL
[46, 44, 45, 44, 41, 42] FAIL
[43, 44, 45, 44, 41, 42] FAIL
[43, 46, 45, 44, 41, 42] FAIL
[43, 46, 44, 44, 41, 42] FAIL
[43, 46, 44, 45, 41, 42] FAIL
[43, 46, 44, 45, 44, 42] FAIL
[43, 46, 44, 45, 44, 41] FAIL
[43, 46, 44, 45, 44, 41, 42] FAIL
[30, 33, 32, 32] FAIL
[27, 33, 32, 32] FAIL
[27, 30, 32, 32] FAIL
[27, 30, 33, 32] FAIL
[27, 30, 33, 32] FAIL
[27, 30, 33, 32, 32] FAIL
[19, 16, 13, 16, 12] FAIL
[18, 16, 13, 16, 12] FAIL
[18, 19, 13, 16, 12] FAIL
[18, 19, 16, 16, 12] FAIL
[18, 19, 16, 13, 12] FAIL
[18, 19, 16, 13, 16] FAIL
[18, 19, 16, 13, 16, 12] FAIL
[17, 14, 12, 10, 8, 11, 6] FAIL
[16, 14, 12, 10, 8, 11, 6] FAIL
[16, 17, 12, 10, 8, 11, 6] FAIL
[16, 17, 14, 10, 8, 11, 6] FAIL
[16, 17, 14, 12, 8, 11, 6] FAIL
[16, 17, 14, 12, 10, 11, 6] FAIL
[16, 17, 14, 12, 10, 8, 6] FAIL
[16, 17, 14, 12, 10, 8, 11] FAIL
[16, 17, 14, 12, 10, 8, 11, 6] FAIL
[80, 80, 78, 75] FAIL
[77, 80, 78, 75] FAIL
[77, 80, 78, 75] FAIL
[77, 80, 80, 75] FAIL
[77, 80, 80, 78] FAIL
[77, 80, 80, 78, 75] FAIL
[34, 34, 32, 34] FAIL
[31, 34, 32, 34] FAIL
[31, 34, 32, 34] FAIL
[31, 34, 34, 34] FAIL
[31, 34, 34, 32] FAIL
[31, 34, 34, 32, 34] FAIL
[6, 5, 5, 2, 2] FAIL
[3, 5, 5, 2, 2] FAIL
[3, 6, 5, 2, 2] FAIL
[3, 6, 5, 2, 2] FAIL
[3, 6, 5, 5, 2] FAIL
[3, 6, 5, 5, 2] FAIL
[3, 6, 5, 5, 2, 2] FAIL
[78, 75, 72, 69, 69, 65] FAIL
[76, 75, 72, 69, 69, 65] FAIL
[76, 78, 72, 69, 69, 65] FAIL
[76, 78, 75, 69, 69, 65] FAIL
[76, 78, 75, 72, 69, 65] FAIL
[76, 78, 75, 72, 69, 65] FAIL
[76, 78, 75, 72, 69, 69] FAIL
[76, 78, 75, 72, 69, 69, 65] FAIL
[45, 43, 43, 41, 35] FAIL
[43, 43, 43, 41, 35] FAIL
[43, 45, 43, 41, 35] FAIL
[43, 45, 43, 41, 35] FAIL
[43, 45, 43, 43, 35] FAIL
[43, 45, 43, 43, 41] FAIL
[43, 45, 43, 43, 41, 35] FAIL
[39, 38, 35, 33, 29, 28] FAIL
[36, 38, 35, 33, 29, 28] FAIL
[36, 39, 35, 33, 29, 28] FAIL
[36, 39, 38, 33, 29, 28] FAIL
[36, 39, 38, 35, 29, 28] FAIL
[36, 39, 38, 35, 33, 28] FAIL
[36, 39, 38, 35, 33, 29] FAIL
[36, 39, 38, 35, 33, 29, 28] FAIL
[84, 81, 77, 75, 78] FAIL
[81, 81, 77, 75, 78] FAIL
[81, 84, 77, 75, 78] FAIL
[81, 84, 81, 75, 78] FAIL
[81, 84, 81, 77, 78] FAIL
[81, 84, 81, 77, 75] FAIL
[81, 84, 81, 77, 75, 78] FAIL
[42, 38, 36, 33, 32, 29, 29] FAIL
[40, 38, 36, 33, 32, 29, 29] FAIL
[40, 42, 36, 33, 32, 29, 29] FAIL
[40, 42, 38, 33, 32, 29, 29] FAIL
[40, 42, 38, 36, 32, 29, 29] FAIL
[40, 42, 38, 36, 33, 29, 29] FAIL
[40, 42, 38, 36, 33, 32, 29] FAIL
[40, 42, 38, 36, 33, 32, 29] FAIL
[40, 42, 38, 36, 33, 32, 29, 29] FAIL
[31, 29, 28, 25, 24, 20, 16] FAIL
[29, 29, 28, 25, 24, 20, 16] FAIL
[29, 31, 28, 25, 24, 20, 16] FAIL
[29, 31, 29, 25, 24, 20, 16] FAIL
[29, 31, 29, 28, 24, 20, 16] FAIL
[29, 31, 29, 28, 25, 20, 16] FAIL
[29, 31, 29, 28, 25, 24, 16] FAIL
[29, 31, 29, 28, 25, 24, 20] FAIL
[29, 31, 29, 28, 25, 24, 20, 16] FAIL
[82, 79, 76, 75, 71, 69, 63] FAIL
[80, 79, 76, 75, 71, 69, 63] FAIL
[80, 82, 76, 75, 71, 69, 63] FAIL
[80, 82, 79, 75, 71, 69, 63] FAIL
[80, 82, 79, 76, 71, 69, 63] FAIL
[80, 82, 79, 76, 75, 69, 63] FAIL
[80, 82, 79, 76, 75, 71, 63] FAIL
[80, 82, 79, 76, 75, 71, 69] FAIL
[80, 82, 79, 76, 75, 71, 69, 63] FAIL
[52, 50, 47, 46, 41, 39] FAIL
[49, 50, 47, 46, 41, 39] FAIL
[49, 52, 47, 46, 41, 39] FAIL
[49, 52, 50, 46, 41, 39] FAIL
[49, 52, 50, 47, 41, 39] FAIL
[49, 52, 50, 47, 46, 39] FAIL
[49, 52, 50, 47, 46, 41] FAIL
[49, 52, 50, 47, 46, 41, 39] FAIL
[79, 78, 77, 72, 69, 66, 67] FAIL
[78, 78, 77, 72, 69, 66, 67] FAIL
[78, 79, 77, 72, 69, 66, 67] FAIL
[78, 79, 78, 72, 69, 66, 67] FAIL
[78, 79, 78, 77, 69, 66, 67] FAIL
[78, 79, 78, 77, 72, 66, 67] FAIL
[78, 79, 78, 77, 72, 69, 67] FAIL
[78, 79, 78, 77, 72, 69, 66] FAIL
[78, 79, 78, 77, 72, 69, 66, 67] FAIL
[13, 11, 5, 5] FAIL
[12, 11, 5, 5] FAIL
[12, 13, 5, 5] FAIL
[12, 13, 11, 5] FAIL
[12, 13, 11, 5] FAIL
[12, 13, 11, 5, 5] FAIL
[15, 14, 9, 8, 7, 6, 2] FAIL
[12, 14, 9, 8, 7, 6, 2] FAIL
[12, 15, 9, 8, 7, 6, 2] FAIL
[12, 15, 14, 8, 7, 6, 2] FAIL
[12, 15, 14, 9, 7, 6, 2] FAIL
[12, 15, 14, 9, 8, 6, 2] FAIL
[12, 15, 14, 9, 8, 7, 2] FAIL
[12, 15, 14, 9, 8, 7, 6] FAIL
[12, 15, 14, 9, 8, 7, 6, 2] FAIL
[46, 45, 43, 38, 36, 30] FAIL
[44, 45, 43, 38, 36, 30] FAIL
[44, 46, 43, 38, 36, 30] FAIL
[44, 46, 45, 38, 36, 30] FAIL
[44, 46, 45, 43, 36, 30] FAIL
[44, 46, 45, 43, 38, 30] FAIL
[44, 46, 45, 43, 38, 36] FAIL
[44, 46, 45, 43, 38, 36, 30] FAIL
[61, 58, 56, 53, 52, 50, 47] PASS
[35, 32, 31, 28, 30] FAIL
[46, 44, 42, 42] FAIL
[80, 77, 76, 72] FAIL
[63, 60, 59, 56, 55, 49] FAIL
[77, 80, 78, 75, 73] FAIL
[52, 51, 52, 53] FAIL
[12, 11, 9, 10, 10] FAIL
[60, 63, 61, 58, 54] FAIL
[67, 69, 67, 62] FAIL
[95, 93, 93, 92, 91] FAIL
[53, 52, 52, 51, 48, 51] FAIL
[67, 67, 66, 63, 63] FAIL
[11, 10, 7, 7, 3] FAIL
[26, 23, 21, 20, 20, 13] FAIL
[80, 78, 74, 73, 72, 70, 67] FAIL
[54, 53, 49, 52] FAIL
[63, 62, 59, 55, 53, 53] FAIL
[61, 57, 55, 51] FAIL
[69, 68, 66, 62, 55] FAIL
[85, 82, 75, 74, 73, 72] FAIL
[47, 42, 40, 39, 37, 34, 36] FAIL
[60, 59, 58, 55, 52, 47, 47] FAIL
[77, 75, 69, 68, 64] FAIL
[53, 52, 45, 44, 43, 36] FAIL
[39, 36, 33, 30, 29, 26, 23] PASS
[61, 60, 57, 54, 56] FAIL
[65, 60, 57, 54, 56] FAIL
[65, 61, 57, 54, 56] FAIL
[65, 61, 60, 54, 56] FAIL
[65, 61, 60, 57, 56] FAIL
[65, 61, 60, 57, 54] FAIL
[65, 61, 60, 57, 54, 56] FAIL
[51, 48, 47, 45, 42, 42] FAIL
[55, 48, 47, 45, 42, 42] FAIL
[55, 51, 47, 45, 42, 42] FAIL
[55, 51, 48, 45, 42, 42] FAIL
[55, 51, 48, 47, 42, 42] FAIL
[55, 51, 48, 47, 45, 42] FAIL
[55, 51, 48, 47, 45, 42] FAIL
[55, 51, 48, 47, 45, 42, 42] FAIL
[48, 47, 45, 43, 41, 37] FAIL
[52, 47, 45, 43, 41, 37] FAIL
[52, 48, 45, 43, 41, 37] FAIL
[52, 48, 47, 43, 41, 37] FAIL
[52, 48, 47, 45, 41, 37] FAIL
[52, 48, 47, 45, 43, 37] FAIL
[52, 48, 47, 45, 43, 41] FAIL
[52, 48, 47, 45, 43, 41, 37] FAIL
[25, 24, 23, 22, 17] FAIL
[29, 24, 23, 22, 17] FAIL
[29, 25, 23, 22, 17] FAIL
[29, 25, 24, 22, 17] FAIL
[29, 25, 24, 23, 17] FAIL
[29, 25, 24, 23, 22] FAIL
[29, 25, 24, 23, 22, 17] FAIL
[34, 37, 35, 32, 29, 28, 26] FAIL
[38, 37, 35, 32, 29, 28, 26] PASS
[20, 19, 17, 15, 14, 17, 20] FAIL
[24, 19, 17, 15, 14, 17, 20] FAIL
[24, 20, 17, 15, 14, 17, 20] FAIL
[24, 20, 19, 15, 14, 17, 20] FAIL
[24, 20, 19, 17, 14, 17, 20] FAIL
[24, 20, 19, 17, 15, 17, 20] FAIL
[24, 20, 19, 17, 15, 14, 20] FAIL
[24, 20, 19, 17, 15, 14, 17] FAIL
[24, 20, 19, 17, 15, 14, 17, 20] FAIL
[29, 28, 25, 26, 26] FAIL
[33, 28, 25, 26, 26] FAIL
[33, 29, 25, 26, 26] FAIL
[33, 29, 28, 26, 26] FAIL
[33, 29, 28, 25, 26] FAIL
[33, 29, 28, 25, 26] FAIL
[33, 29, 28, 25, 26, 26] FAIL
[34, 35, 32, 31, 27] FAIL
[38, 35, 32, 31, 27] FAIL
[38, 34, 32, 31, 27] FAIL
[38, 34, 35, 31, 27] FAIL
[38, 34, 35, 32, 27] FAIL
[38, 34, 35, 32, 31] FAIL
[38, 34, 35, 32, 31, 27] FAIL
[29, 27, 24, 23, 24, 23, 17] FAIL
[33, 27, 24, 23, 24, 23, 17] FAIL
[33, 29, 24, 23, 24, 23, 17] FAIL
[33, 29, 27, 23, 24, 23, 17] FAIL
[33, 29, 27, 24, 24, 23, 17] FAIL
[33, 29, 27, 24, 23, 23, 17] FAIL
[33, 29, 27, 24, 23, 24, 17] FAIL
[33, 29, 27, 24, 23, 24, 23] FAIL
[33, 29, 27, 24, 23, 24, 23, 17] FAIL
[32, 32, 31, 29, 26] FAIL
[36, 32, 31, 29, 26] FAIL
[36, 32, 31, 29, 26] FAIL
[36, 32, 32, 29, 26] FAIL
[36, 32, 32, 31, 26] FAIL
[36, 32, 32, 31, 29] FAIL
[36, 32, 32, 31, 29, 26] FAIL
[9, 8, 5, 3, 1, 1, 4] FAIL
[13, 8, 5, 3, 1, 1, 4] FAIL
[13, 9, 5, 3, 1, 1, 4] FAIL
[13, 9, 8, 3, 1, 1, 4] FAIL
[13, 9, 8, 5, 1, 1, 4] FAIL
[13, 9, 8, 5, 3, 1, 4] FAIL
[13, 9, 8, 5, 3, 1, 4] FAIL
[13, 9, 8, 5, 3, 1, 1] FAIL
[13, 9, 8, 5, 3, 1, 1, 4] FAIL
[2, 1, 1, 1] FAIL
[6, 1, 1, 1] FAIL
[6, 2, 1, 1] FAIL
[6, 2, 1, 1] FAIL
[6, 2, 1, 1] FAIL
[6, 2, 1, 1, 1] FAIL
[74, 73, 72, 72, 70, 69, 65] FAIL
[78, 73, 72, 72, 70, 69, 65] FAIL
[78, 74, 72, 72, 70, 69, 65] FAIL
[78, 74, 73, 72, 70, 69, 65] FAIL
[78, 74, 73, 72, 70, 69, 65] FAIL
[78, 74, 73, 72, 72, 69, 65] FAIL
[78, 74, 73, 72, 72, 70, 65] FAIL
[78, 74, 73, 72, 72, 70, 69] FAIL
[78, 74, 73, 72, 72, 70, 69, 65] FAIL
[40, 40, 37, 30] FAIL
[44, 40, 37, 30] FAIL
[44, 40, 37, 30] FAIL
[44, 40, 40, 30] FAIL
[44, 40, 40, 37] FAIL
[44, 40, 40, 37, 30] FAIL
[37, 33, 30, 28] FAIL
[41, 33, 30, 28] FAIL
[41, 37, 30, 28] FAIL
[41, 37, 33, 28] FAIL
[41, 37, 33, 30] FAIL
[41, 37, 33, 30, 28] FAIL
[84, 83, 79, 78, 75, 73, 74] FAIL
[88, 83, 79, 78, 75, 73, 74] FAIL
[88, 84, 79, 78, 75, 73, 74] FAIL
[88, 84, 83, 78, 75, 73, 74] FAIL
[88, 84, 83, 79, 75, 73, 74] FAIL
[88, 84, 83, 79, 78, 73, 74] FAIL
[88, 84, 83, 79, 78, 75, 74] FAIL
[88, 84, 83, 79, 78, 75, 73] FAIL
[88, 84, 83, 79, 78, 75, 73, 74] FAIL
[8, 4, 2, 1, 1] FAIL
[12, 4, 2, 1, 1] FAIL
[12, 8, 2, 1, 1] FAIL
[12, 8, 4, 1, 1] FAIL
[12, 8, 4, 2, 1] FAIL
[12, 8, 4, 2, 1] FAIL
[12, 8, 4, 2, 1, 1] FAIL
[61, 57, 54, 50] FAIL
[65, 57, 54, 50] FAIL
[65, 61, 54, 50] FAIL
[65, 61, 57, 50] FAIL
[65, 61, 57, 54] FAIL
[65, 61, 57, 54, 50] FAIL
[81, 77, 74, 68] FAIL
[85, 77, 74, 68] FAIL
[85, 81, 74, 68] FAIL
[85, 81, 77, 68] FAIL
[85, 81, 77, 74] FAIL
[85, 81, 77, 74, 68] FAIL
[72, 66, 64, 62] FAIL
[76, 66, 64, 62] FAIL
[76, 72, 64, 62] FAIL
[76, 72, 66, 62] FAIL
[76, 72, 66, 64] FAIL
[76, 72, 66, 64, 62] FAIL
[93, 90, 87, 81, 84] FAIL
[97, 90, 87, 81, 84] FAIL
[97, 93, 87, 81, 84] FAIL
[97, 93, 90, 81, 84] FAIL
[97, 93, 90, 87, 84] FAIL
[97, 93, 90, 87, 81] FAIL
[97, 93, 90, 87, 81, 84] FAIL
[60, 53, 51, 48, 48] FAIL
[64, 53, 51, 48, 48] FAIL
[64, 60, 51, 48, 48] FAIL
[64, 60, 53, 48, 48] FAIL
[64, 60, 53, 51, 48] FAIL
[64, 60, 53, 51, 48] FAIL
[64, 60, 53, 51, 48, 48] FAIL
[52, 50, 45, 43, 39] FAIL
[56, 50, 45, 43, 39] FAIL
[56, 52, 45, 43, 39] FAIL
[56, 52, 50, 43, 39] FAIL
[56, 52, 50, 45, 39] FAIL
[56, 52, 50, 45, 43] FAIL
[56, 52, 50, 45, 43, 39] FAIL
[52, 49, 43, 40, 39, 36, 30] FAIL
[56, 49, 43, 40, 39, 36, 30] FAIL
[56, 52, 43, 40, 39, 36, 30] FAIL
[56, 52, 49, 40, 39, 36, 30] FAIL
[56, 52, 49, 43, 39, 36, 30] FAIL
[56, 52, 49, 43, 40, 36, 30] FAIL
[56, 52, 49, 43, 40, 39, 30] FAIL
[56, 52, 49, 43, 40, 39, 36] FAIL
[56, 52, 49, 43, 40, 39, 36, 30] FAIL
[53, 51, 50, 48] PASS
[31, 29, 26, 25, 24, 26] FAIL
[36, 29, 26, 25, 24, 26] FAIL
[36, 31, 26, 25, 24, 26] FAIL
[36, 31, 29, 25, 24, 26] FAIL
[36, 31, 29, 26, 24, 26] FAIL
[36, 31, 29, 26, 25, 26] FAIL
[36, 31, 29, 26, 25, 24] FAIL
[36, 31, 29, 26, 25, 24, 26] FAIL
[50, 48, 47, 44, 42, 41, 41] FAIL
[55, 48, 47, 44, 42, 41, 41] FAIL
[55, 50, 47, 44, 42, 41, 41] FAIL
[55, 50, 48, 44, 42, 41, 41] FAIL
[55, 50, 48, 47, 42, 41, 41] FAIL
[55, 50, 48, 47, 44, 41, 41] FAIL
[55, 50, 48, 47, 44, 42, 41] FAIL
[55, 50, 48, 47, 44, 42, 41] FAIL
[55, 50, 48, 47, 44, 42, 41, 41] FAIL
[85, 83, 81, 77] FAIL
[90, 83, 81, 77] FAIL
[90, 85, 81, 77] FAIL
[90, 85, 83, 77] FAIL
[90, 85, 83, 81] FAIL
[90, 85, 83, 81, 77] FAIL
[82, 80, 77, 70] FAIL
[89, 80, 77, 70] FAIL
[89, 82, 77, 70] FAIL
[89, 82, 80, 70] FAIL
[89, 82, 80, 77] FAIL
[89, 82, 80, 77, 70] FAIL
[49, 52, 49, 47] FAIL
[56, 52, 49, 47] FAIL
[56, 49, 49, 47] FAIL
[56, 49, 52, 47] FAIL
[56, 49, 52, 49] FAIL
[56, 49, 52, 49, 47] FAIL
[3, 5, 3, 6] FAIL
[9, 5, 3, 6] FAIL
[9, 3, 3, 6] FAIL
[9, 3, 5, 6] FAIL
[9, 3, 5, 3] FAIL
[9, 3, 5, 3, 6] FAIL
[4, 5, 4, 4] FAIL
[9, 5, 4, 4] FAIL
[9, 4, 4, 4] FAIL
[9, 4, 5, 4] FAIL
[9, 4, 5, 4] FAIL
[9, 4, 5, 4, 4] FAIL
[12, 14, 12, 8] FAIL
[18, 14, 12, 8] FAIL
[18, 12, 12, 8] FAIL
[18, 12, 14, 8] FAIL
[18, 12, 14, 12] FAIL
[18, 12, 14, 12, 8] FAIL
[59, 58, 56, 53, 54, 49] FAIL
[66, 58, 56, 53, 54, 49] FAIL
[66, 59, 56, 53, 54, 49] FAIL
[66, 59, 58, 53, 54, 49] FAIL
[66, 59, 58, 56, 54, 49] FAIL
[66, 59, 58, 56, 53, 49] FAIL
[66, 59, 58, 56, 53, 54] FAIL
[66, 59, 58, 56, 53, 54, 49] FAIL
[90, 88, 87, 84, 82, 82, 80] FAIL
[97, 88, 87, 84, 82, 82, 80] FAIL
[97, 90, 87, 84, 82, 82, 80] FAIL
[97, 90, 88, 84, 82, 82, 80] FAIL
[97, 90, 88, 87, 82, 82, 80] FAIL
[97, 90, 88, 87, 84, 82, 80] FAIL
[97, 90, 88, 87, 84, 82, 80] FAIL
[97, 90, 88, 87, 84, 82, 82] FAIL
[97, 90, 88, 87, 84, 82, 82, 80] FAIL
[55, 53, 52, 52, 54] FAIL
[60, 53, 52, 52, 54] FAIL
[60, 55, 52, 52, 54] FAIL
[60, 55, 53, 52, 54] FAIL
[60, 55, 53, 52, 54] FAIL
[60, 55, 53, 52, 52] FAIL
[60, 55, 53, 52, 52, 54] FAIL
[5, 5, 4, 4] FAIL
[12, 5, 4, 4] FAIL
[12, 5, 4, 4] FAIL
[12, 5, 5, 4] FAIL
[12, 5, 5, 4] FAIL
[12, 5, 5, 4, 4] FAIL
[19, 19, 16, 15, 11] FAIL
[26, 19, 16, 15, 11] FAIL
[26, 19, 16, 15, 11] FAIL
[26, 19, 19, 15, 11] FAIL
[26, 19, 19, 16, 11] FAIL
[26, 19, 19, 16, 15] FAIL
[26, 19, 19, 16, 15, 11] FAIL
[62, 60, 57, 56, 56, 54, 47] FAIL
[68, 60, 57, 56, 56, 54, 47] FAIL
[68, 62, 57, 56, 56, 54, 47] FAIL
[68, 62, 60, 56, 56, 54, 47] FAIL
[68, 62, 60, 57, 56, 54, 47] FAIL
[68, 62, 60, 57, 56, 54, 47] FAIL
[68, 62, 60, 57, 56, 56, 47] FAIL
[68, 62, 60, 57, 56, 56, 54] FAIL
[68, 62, 60, 57, 56, 56, 54, 47] FAIL
[52, 48, 46, 45, 42] FAIL
[59, 48, 46, 45, 42] FAIL
[59, 52, 46, 45, 42] FAIL
[59, 52, 48, 45, 42] FAIL
[59, 52, 48, 46, 42] FAIL
[59, 52, 48, 46, 45] FAIL
[59, 52, 48, 46, 45, 42] FAIL
[16, 12, 9, 12] FAIL
[21, 12, 9, 12] FAIL
[21, 16, 9, 12] FAIL
[21, 16, 12, 12] FAIL
[21, 16, 12, 9] FAIL
[21, 16, 12, 9, 12] FAIL
[92, 91, 88, 84, 81, 81] FAIL
[99, 91, 88, 84, 81, 81] FAIL
[99, 92, 88, 84, 81, 81] FAIL
[99, 92, 91, 84, 81, 81] FAIL
[99, 92, 91, 88, 81, 81] FAIL
[99, 92, 91, 88, 84, 81] FAIL
[99, 92, 91, 88, 84, 81] FAIL
[99, 92, 91, 88, 84, 81, 81] FAIL
[52, 49, 45, 43, 42, 38] FAIL
[58, 49, 45, 43, 42, 38] FAIL
[58, 52, 45, 43, 42, 38] FAIL
[58, 52, 49, 43, 42, 38] FAIL
[58, 52, 49, 45, 42, 38] FAIL
[58, 52, 49, 45, 43, 38] FAIL
[58, 52, 49, 45, 43, 42] FAIL
[58, 52, 49, 45, 43, 42, 38] FAIL
[41, 38, 36, 35, 34, 30, 23] FAIL
[48, 38, 36, 35, 34, 30, 23] FAIL
[48, 41, 36, 35, 34, 30, 23] FAIL
[48, 41, 38, 35, 34, 30, 23] FAIL
[48, 41, 38, 36, 34, 30, 23] FAIL
[48, 41, 38, 36, 35, 30, 23] FAIL
[48, 41, 38, 36, 35, 34, 23] FAIL
[48, 41, 38, 36, 35, 34, 30] FAIL
[48, 41, 38, 36, 35, 34, 30, 23] FAIL
[26, 24, 18, 15, 13] FAIL
[31, 24, 18, 15, 13] FAIL
[31, 26, 18, 15, 13] FAIL
[31, 26, 24, 15, 13] FAIL
[31, 26, 24, 18, 13] FAIL
[31, 26, 24, 18, 15] FAIL
[31, 26, 24, 18, 15, 13] FAIL
[13, 11, 6, 8] FAIL
[18, 11, 6, 8] FAIL
[18, 13, 6, 8] FAIL
[18, 13, 11, 8] FAIL
[18, 13, 11, 6] FAIL
[18, 13, 11, 6, 8] FAIL
[93, 88, 85, 84, 84] FAIL
[99, 88, 85, 84, 84] FAIL
[99, 93, 85, 84, 84] FAIL
[99, 93, 88, 84, 84] FAIL
[99, 93, 88, 85, 84] FAIL
[99, 93, 88, 85, 84] FAIL
[99, 93, 88, 85, 84, 84] FAIL
[78, 75, 73, 68, 64] FAIL
[85, 75, 73, 68, 64] FAIL
[85, 78, 73, 68, 64] FAIL
[85, 78, 75, 68, 64] FAIL
[85, 78, 75, 73, 64] FAIL
[85, 78, 75, 73, 68] FAIL
[85, 78, 75, 73, 68, 64] FAIL
[81, 75, 72, 66] FAIL
[86, 75, 72, 66] FAIL
[86, 81, 72, 66] FAIL
[86, 81, 75, 66] FAIL
[86, 81, 75, 72] FAIL
[86, 81, 75, 72, 66] FAIL
[9, 7, 9, 6] FAIL
[5, 7, 9, 6] FAIL
[5, 9, 9, 6] FAIL
[5, 9, 7, 6] FAIL
[5, 9, 7, 9] FAIL
[5, 9, 7, 9, 6] FAIL
[26, 29, 32, 29, 31, 34, 34] FAIL
[22, 29, 32, 29, 31, 34, 34] FAIL
[22, 26, 32, 29, 31, 34, 34] FAIL
[22, 26, 29, 29, 31, 34, 34] FAIL
[22, 26, 29, 32, 31, 34, 34] FAIL
[22, 26, 29, 32, 29, 34, 34] FAIL
[22, 26, 29, 32, 29, 31, 34] FAIL
[22, 26, 29, 32, 29, 31, 34] FAIL
[22, 26, 29, 32, 29, 31, 34, 34] FAIL
[29, 30, 32, 34, 39, 45] FAIL
[22, 30, 32, 34, 39, 45] FAIL
[22, 29, 32, 34, 39, 45] FAIL
[22, 29, 30, 34, 39, 45] FAIL
[22, 29, 30, 32, 39, 45] FAIL
[22, 29, 30, 32, 34, 45] FAIL
[22, 29, 30, 32, 34, 39] FAIL
[22, 29, 30, 32, 34, 39, 45] FAIL
[45, 43, 41, 40, 37, 32, 34] FAIL
[52, 43, 41, 40, 37, 32, 34] FAIL
[52, 45, 41, 40, 37, 32, 34] FAIL
[52, 45, 43, 40, 37, 32, 34] FAIL
[52, 45, 43, 41, 37, 32, 34] FAIL
[52, 45, 43, 41, 40, 32, 34] FAIL
[52, 45, 43, 41, 40, 37, 34] FAIL
[52, 45, 43, 41, 40, 37, 32] FAIL
[52, 45, 43, 41, 40, 37, 32, 34] FAIL
[32, 34, 39, 43] FAIL
[30, 34, 39, 43] FAIL
[30, 32, 39, 43] FAIL
[30, 32, 34, 43] FAIL
[30, 32, 34, 39] FAIL
[30, 32, 34, 39, 43] FAIL
[16, 18, 22, 22] FAIL
[11, 18, 22, 22] FAIL
[11, 16, 22, 22] FAIL
[11, 16, 18, 22] FAIL
[11, 16, 18, 22] FAIL
[11, 16, 18, 22, 22] FAIL
[72, 75, 76, 79, 82, 86, 85] FAIL
[68, 75, 76, 79, 82, 86, 85] FAIL
[68, 72, 76, 79, 82, 86, 85] FAIL
[68, 72, 75, 79, 82, 86, 85] FAIL
[68, 72, 75, 76, 82, 86, 85] FAIL
[68, 72, 75, 76, 79, 86, 85] FAIL
[68, 72, 75, 76, 79, 82, 85] FAIL
[68, 72, 75, 76, 79, 82, 86] FAIL
[68, 72, 75, 76, 79, 82, 86, 85] FAIL
[74, 76, 80, 84] FAIL
[69, 76, 80, 84] FAIL
[69, 74, 80, 84] FAIL
[69, 74, 76, 84] FAIL
[69, 74, 76, 80] FAIL
[69, 74, 76, 80, 84] FAIL
[65, 63, 61, 57, 55, 53, 48] FAIL
[25, 20, 17, 15, 12, 9] FAIL
[26, 20, 17, 15, 12, 9] FAIL
[26, 25, 17, 15, 12, 9] FAIL
[26, 25, 20, 15, 12, 9] FAIL
[26, 25, 20, 17, 12, 9] FAIL
[26, 25, 20, 17, 15, 9] FAIL
[26, 25, 20, 17, 15, 12] FAIL
[26, 25, 20, 17, 15, 12, 9] FAIL
[29, 28, 23, 21, 16] FAIL
[27, 28, 23, 21, 16] FAIL
[27, 29, 23, 21, 16] FAIL
[27, 29, 28, 21, 16] FAIL
[27, 29, 28, 23, 16] FAIL
[27, 29, 28, 23, 21] FAIL
[27, 29, 28, 23, 21, 16] FAIL
[53, 54, 57, 59, 62, 66] FAIL
[49, 54, 57, 59, 62, 66] FAIL
[49, 53, 57, 59, 62, 66] FAIL
[49, 53, 54, 59, 62, 66] FAIL
[49, 53, 54, 57, 62, 66] FAIL
[49, 53, 54, 57, 59, 66] FAIL
[49, 53, 54, 57, 59, 62] FAIL
[49, 53, 54, 57, 59, 62, 66] FAIL
[72, 73, 80, 82, 85] FAIL
[47, 49, 50, 54, 55, 57, 57] FAIL
[44, 49, 50, 54, 55, 57, 57] FAIL
[44, 47, 50, 54, 55, 57, 57] FAIL
[44, 47, 49, 54, 55, 57, 57] FAIL
[44, 47, 49, 50, 55, 57, 57] FAIL
[44, 47, 49, 50, 54, 57, 57] FAIL
[44, 47, 49, 50, 54, 55, 57] FAIL
[44, 47, 49, 50, 54, 55, 57] FAIL
[44, 47, 49, 50, 54, 55, 57, 57] FAIL
[19, 17, 19, 21] FAIL
[20, 17, 19, 21] FAIL
[20, 19, 19, 21] FAIL
[20, 19, 17, 21] FAIL
[20, 19, 17, 19] FAIL
[20, 19, 17, 19, 21] FAIL
[18, 22, 24, 26, 29, 31, 32] FAIL
[52, 54, 54, 56, 56] FAIL
[48, 54, 54, 56, 56] FAIL
[48, 52, 54, 56, 56] FAIL
[48, 52, 54, 56, 56] FAIL
[48, 52, 54, 54, 56] FAIL
[48, 52, 54, 54, 56] FAIL
[48, 52, 54, 54, 56, 56] FAIL
[76, 79, 78, 84] FAIL
[72, 79, 78, 84] FAIL
[72, 76, 78, 84] FAIL
[72, 76, 79, 84] FAIL
[72, 76, 79, 78] FAIL
[72, 76, 79, 78, 84] FAIL
[60, 57, 53, 48] FAIL
[64, 57, 53, 48] FAIL
[64, 60, 53, 48] FAIL
[64, 60, 57, 48] FAIL
[64, 60, 57, 53] FAIL
[64, 60, 57, 53, 48] FAIL
[44, 42, 40, 37, 33, 32, 35] FAIL
[48, 42, 40, 37, 33, 32, 35] FAIL
[48, 44, 40, 37, 33, 32, 35] FAIL
[48, 44, 42, 37, 33, 32, 35] FAIL
[48, 44, 42, 40, 33, 32, 35] FAIL
[48, 44, 42, 40, 37, 32, 35] FAIL
[48, 44, 42, 40, 37, 33, 35] FAIL
[48, 44, 42, 40, 37, 33, 32] FAIL
[48, 44, 42, 40, 37, 33, 32, 35] FAIL
[52, 48, 45, 44, 41, 38, 40] FAIL
[76, 78, 80, 80, 87] FAIL
[70, 78, 80, 80, 87] FAIL
[70, 76, 80, 80, 87] FAIL
[70, 76, 78, 80, 87] FAIL
[70, 76, 78, 80, 87] FAIL
[70, 76, 78, 80, 80] FAIL
[70, 76, 78, 80, 80, 87] FAIL
[54, 52, 48, 44] FAIL
[55, 52, 48, 44] FAIL
[55, 54, 48, 44] FAIL
[55, 54, 52, 44] FAIL
[55, 54, 52, 48] FAIL
[55, 54, 52, 48, 44] FAIL
[38, 32, 31, 30, 28, 22] FAIL
[39, 32, 31, 30, 28, 22] FAIL
[39, 38, 31, 30, 28, 22] FAIL
[39, 38, 32, 30, 28, 22] FAIL
[39, 38, 32, 31, 28, 22] FAIL
[39, 38, 32, 31, 30, 22] FAIL
[39, 38, 32, 31, 30, 28] FAIL
[39, 38, 32, 31, 30, 28, 22] FAIL
[8, 5, 1, 1] FAIL
[48, 50, 53, 57] FAIL
[43, 50, 53, 57] FAIL
[43, 48, 53, 57] FAIL
[43, 48, 50, 57] FAIL
[43, 48, 50, 53] FAIL
[43, 48, 50, 53, 57] FAIL
[32, 29, 27, 28, 26, 27] FAIL
[29, 29, 27, 28, 26, 27] FAIL
[29, 32, 27, 28, 26, 27] FAIL
[29, 32, 29, 28, 26, 27] FAIL
[29, 32, 29, 27, 26, 27] FAIL
[29, 32, 29, 27, 28, 27] FAIL
[29, 32, 29, 27, 28, 26] FAIL
[29, 32, 29, 27, 28, 26, 27] FAIL
[49, 51, 53, 60, 61, 65] FAIL
[44, 51, 53, 60, 61, 65] FAIL
[44, 49, 53, 60, 61, 65] FAIL
[44, 49, 51, 60, 61, 65] FAIL
[44, 49, 51, 53, 61, 65] FAIL
[44, 49, 51, 53, 60, 65] FAIL
[44, 49, 51, 53, 60, 61] FAIL
[44, 49, 51, 53, 60, 61, 65] FAIL
[17, 10, 8, 8] FAIL
[16, 10, 8, 8] FAIL
[16, 17, 8, 8] FAIL
[16, 17, 10, 8] FAIL
[16, 17, 10, 8] FAIL
[16, 17, 10, 8, 8] FAIL
[31, 28, 25, 22, 20, 20, 17] FAIL
[36, 28, 25, 22, 20, 20, 17] FAIL
[36, 31, 25, 22, 20, 20, 17] FAIL
[36, 31, 28, 22, 20, 20, 17] FAIL
[36, 31, 28, 25, 20, 20, 17] FAIL
[36, 31, 28, 25, 22, 20, 17] FAIL
[36, 31, 28, 25, 22, 20, 17] FAIL
[36, 31, 28, 25, 22, 20, 20] FAIL
[36, 31, 28, 25, 22, 20, 20, 17] FAIL
[54, 51, 44, 42, 39, 35] FAIL
[61, 51, 44, 42, 39, 35] FAIL
[61, 54, 44, 42, 39, 35] FAIL
[61, 54, 51, 42, 39, 35] FAIL
[61, 54, 51, 44, 39, 35] FAIL
[61, 54, 51, 44, 42, 35] FAIL
[61, 54, 51, 44, 42, 39] FAIL
[61, 54, 51, 44, 42, 39, 35] FAIL
[90, 88, 84, 83, 80, 79] FAIL
[96, 88, 84, 83, 80, 79] FAIL
[96, 90, 84, 83, 80, 79] FAIL
[96, 90, 88, 83, 80, 79] FAIL
[96, 90, 88, 84, 80, 79] FAIL
[96, 90, 88, 84, 83, 79] FAIL
[96, 90, 88, 84, 83, 80] FAIL
[96, 90, 88, 84, 83, 80, 79] FAIL
[58, 57, 53, 50, 50] FAIL
[55, 57, 53, 50, 50] FAIL
[55, 58, 53, 50, 50] FAIL
[55, 58, 57, 50, 50] FAIL
[55, 58, 57, 53, 50] FAIL
[55, 58, 57, 53, 50] FAIL
[55, 58, 57, 53, 50, 50] FAIL
[46, 48, 50, 48, 54] FAIL
[41, 48, 50, 48, 54] FAIL
[41, 46, 50, 48, 54] FAIL
[41, 46, 48, 48, 54] FAIL
[41, 46, 48, 50, 54] FAIL
[41, 46, 48, 50, 48] FAIL
[41, 46, 48, 50, 48, 54] FAIL
[11, 12, 14, 14, 17, 23] FAIL
[7, 12, 14, 14, 17, 23] FAIL
[7, 11, 14, 14, 17, 23] FAIL
[7, 11, 12, 14, 17, 23] FAIL
[7, 11, 12, 14, 17, 23] FAIL
[7, 11, 12, 14, 14, 23] FAIL
[7, 11, 12, 14, 14, 17] FAIL
[7, 11, 12, 14, 14, 17, 23] FAIL
[82, 81, 77, 74, 77] FAIL
[79, 81, 77, 74, 77] FAIL
[79, 82, 77, 74, 77] FAIL
[79, 82, 81, 74, 77] FAIL
[79, 82, 81, 77, 77] FAIL
[79, 82, 81, 77, 74] FAIL
[79, 82, 81, 77, 74, 77] FAIL
[28, 24, 21, 22] FAIL
[34, 24, 21, 22] FAIL
[34, 28, 21, 22] FAIL
[34, 28, 24, 22] FAIL
[34, 28, 24, 21] FAIL
[34, 28, 24, 21, 22] FAIL
[81, 84, 86, 87, 90, 94, 94] FAIL
[77, 84, 86, 87, 90, 94, 94] FAIL
[77, 81, 86, 87, 90, 94, 94] FAIL
[77, 81, 84, 87, 90, 94, 94] FAIL
[77, 81, 84, 86, 90, 94, 94] FAIL
[77, 81, 84, 86, 87, 94, 94] FAIL
[77, 81, 84, 86, 87, 90, 94] FAIL
[77, 81, 84, 86, 87, 90, 94] FAIL
[77, 81, 84, 86, 87, 90, 94, 94] FAIL
[74, 77, 79, 80, 83, 87, 90] FAIL
[67, 77, 79, 80, 83, 87, 90] FAIL
[67, 74, 79, 80, 83, 87, 90] FAIL
[67, 74, 77, 80, 83, 87, 90] FAIL
[67, 74, 77, 79, 83, 87, 90] FAIL
[67, 74, 77, 79, 80, 87, 90] FAIL
[67, 74, 77, 79, 80, 83, 90] FAIL
[67, 74, 77, 79, 80, 83, 87] FAIL
[67, 74, 77, 79, 80, 83, 87, 90] FAIL
[90, 89, 84, 80] FAIL
[94, 89, 84, 80] FAIL
[94, 90, 84, 80] FAIL
[94, 90, 89, 80] FAIL
[94, 90, 89, 84] FAIL
[94, 90, 89, 84, 80] FAIL
[64, 63, 60, 60] FAIL
[65, 63, 60, 60] FAIL
[65, 64, 60, 60] FAIL
[65, 64, 63, 60] PASS
[44, 47, 48, 52, 53, 55] FAIL
[40, 47, 48, 52, 53, 55] FAIL
[40, 44, 48, 52, 53, 55] FAIL
[40, 44, 47, 52, 53, 55] FAIL
[40, 44, 47, 48, 53, 55] FAIL
[40, 44, 47, 48, 52, 55] FAIL
[40, 44, 47, 48, 52, 53] FAIL
[40, 44, 47, 48, 52, 53, 55] FAIL
[35, 34, 33, 32, 29, 27, 29] FAIL
[82, 85, 88, 90, 89, 88] FAIL
[75, 85, 88, 90, 89, 88] FAIL
[75, 82, 88, 90, 89, 88] FAIL
[75, 82, 85, 90, 89, 88] FAIL
[75, 82, 85, 88, 89, 88] FAIL
[75, 82, 85, 88, 90, 88] FAIL
[75, 82, 85, 88, 90, 89] FAIL
[75, 82, 85, 88, 90, 89, 88] FAIL
[88, 88, 87, 86, 83, 80] FAIL
[92, 88, 87, 86, 83, 80] FAIL
[92, 88, 87, 86, 83, 80] FAIL
[92, 88, 88, 86, 83, 80] FAIL
[92, 88, 88, 87, 83, 80] FAIL
[92, 88, 88, 87, 86, 80] FAIL
[92, 88, 88, 87, 86, 83] FAIL
[92, 88, 88, 87, 86, 83, 80] FAIL
[92, 91, 86, 84] FAIL
[99, 91, 86, 84] FAIL
[99, 92, 86, 84] FAIL
[99, 92, 91, 84] FAIL
[99, 92, 91, 86] FAIL
[99, 92, 91, 86, 84] FAIL
[9, 6, 2, 5] FAIL
[11, 6, 2, 5] FAIL
[11, 9, 2, 5] FAIL
[11, 9, 6, 5] PASS
[57, 50, 48, 44] FAIL
[18, 19, 23, 28] FAIL
[21, 19, 23, 28] FAIL
[21, 18, 23, 28] FAIL
[21, 18, 19, 28] FAIL
[21, 18, 19, 23] FAIL
[21, 18, 19, 23, 28] FAIL
[33, 31, 31, 30, 27, 23] FAIL
[30, 31, 31, 30, 27, 23] FAIL
[30, 33, 31, 30, 27, 23] FAIL
[30, 33, 31, 30, 27, 23] FAIL
[30, 33, 31, 31, 27, 23] FAIL
[30, 33, 31, 31, 30, 23] FAIL
[30, 33, 31, 31, 30, 27] FAIL
[30, 33, 31, 31, 30, 27, 23] FAIL
[22, 22, 19, 14] FAIL
[57, 54, 54, 52, 45] FAIL
[61, 54, 54, 52, 45] FAIL
[61, 57, 54, 52, 45] FAIL
[61, 57, 54, 52, 45] FAIL
[61, 57, 54, 54, 45] FAIL
[61, 57, 54, 54, 52] FAIL
[61, 57, 54, 54, 52, 45] FAIL
[81, 84, 82, 80] FAIL
[93, 90, 88, 91, 90, 87, 83] FAIL
[36, 40, 41, 47] FAIL
[29, 40, 41, 47] FAIL
[29, 36, 41, 47] FAIL
[29, 36, 40, 47] FAIL
[29, 36, 40, 41] FAIL
[29, 36, 40, 41, 47] FAIL
[83, 84, 86, 86, 88] FAIL
[84, 84, 86, 86, 88] FAIL
[84, 83, 86, 86, 88] FAIL
[84, 83, 84, 86, 88] FAIL
[84, 83, 84, 86, 88] FAIL
[84, 83, 84, 86, 86] FAIL
[84, 83, 84, 86, 86, 88] FAIL
[37, 38, 45, 52] FAIL
[33, 38, 45, 52] FAIL
[33, 37, 45, 52] FAIL
[33, 37, 38, 52] FAIL
[33, 37, 38, 45] FAIL
[33, 37, 38, 45, 52] FAIL
[60, 64, 65, 66, 67, 71] FAIL
[56, 64, 65, 66, 67, 71] FAIL
[56, 60, 65, 66, 67, 71] FAIL
[56, 60, 64, 66, 67, 71] FAIL
[56, 60, 64, 65, 67, 71] FAIL
[56, 60, 64, 65, 66, 71] FAIL
[56, 60, 64, 65, 66, 67] FAIL
[56, 60, 64, 65, 66, 67, 71] FAIL
[98, 97, 96, 96, 94, 94] FAIL
[89, 86, 84, 77, 74, 68] FAIL
[96, 86, 84, 77, 74, 68] FAIL
[96, 89, 84, 77, 74, 68] FAIL
[96, 89, 86, 77, 74, 68] FAIL
[96, 89, 86, 84, 74, 68] FAIL
[96, 89, 86, 84, 77, 68] FAIL
[96, 89, 86, 84, 77, 74] FAIL
[96, 89, 86, 84, 77, 74, 68] FAIL
[45, 44, 43, 36, 36] FAIL
[51, 44, 43, 36, 36] FAIL
[51, 45, 43, 36, 36] FAIL
[51, 45, 44, 36, 36] FAIL
[51, 45, 44, 43, 36] FAIL
[51, 45, 44, 43, 36] FAIL
[51, 45, 44, 43, 36, 36] FAIL
[63, 70, 73, 79] FAIL
[66, 70, 73, 79] FAIL
[66, 63, 73, 79] FAIL
[66, 63, 70, 79] FAIL
[66, 63, 70, 73] FAIL
[66, 63, 70, 73, 79] FAIL
[79, 76, 74, 71, 71, 70, 70] FAIL
[84, 76, 74, 71, 71, 70, 70] FAIL
[84, 79, 74, 71, 71, 70, 70] FAIL
[84, 79, 76, 71, 71, 70, 70] FAIL
[84, 79, 76, 74, 71, 70, 70] FAIL
[84, 79, 76, 74, 71, 70, 70] FAIL
[84, 79, 76, 74, 71, 71, 70] FAIL
[84, 79, 76, 74, 71, 71, 70] FAIL
[84, 79, 76, 74, 71, 71, 70, 70] FAIL
[23, 22, 19, 14, 13, 10, 5] FAIL
[27, 22, 19, 14, 13, 10, 5] FAIL
[27, 23, 19, 14, 13, 10, 5] FAIL
[27, 23, 22, 14, 13, 10, 5] FAIL
[27, 23, 22, 19, 13, 10, 5] FAIL
[27, 23, 22, 19, 14, 10, 5] FAIL
[27, 23, 22, 19, 14, 13, 5] FAIL
[27, 23, 22, 19, 14, 13, 10] FAIL
[27, 23, 22, 19, 14, 13, 10, 5] FAIL
[84, 83, 82, 80, 76] FAIL
[91, 83, 82, 80, 76] FAIL
[91, 84, 82, 80, 76] FAIL
[91, 84, 83, 80, 76] FAIL
[91, 84, 83, 82, 76] FAIL
[91, 84, 83, 82, 80] FAIL
[91, 84, 83, 82, 80, 76] FAIL
[14, 17, 20, 21, 26, 26] FAIL
[13, 17, 20, 21, 26, 26] FAIL
[13, 14, 20, 21, 26, 26] FAIL
[13, 14, 17, 21, 26, 26] FAIL
[13, 14, 17, 20, 26, 26] FAIL
[13, 14, 17, 20, 21, 26] FAIL
[13, 14, 17, 20, 21, 26] FAIL
[13, 14, 17, 20, 21, 26, 26] FAIL
[97, 96, 93, 89, 88, 86] FAIL
[96, 96, 93, 89, 88, 86] FAIL
[96, 97, 93, 89, 88, 86] FAIL
[96, 97, 96, 89, 88, 86] FAIL
[96, 97, 96, 93, 88, 86] FAIL
[96, 97, 96, 93, 89, 86] FAIL
[96, 97, 96, 93, 89, 88] FAIL
[96, 97, 96, 93, 89, 88, 86] FAIL
[45, 46, 43, 44, 45] FAIL
[39, 46, 43, 44, 45] FAIL
[39, 45, 43, 44, 45] FAIL
[39, 45, 46, 44, 45] FAIL
[39, 45, 46, 43, 45] FAIL
[39, 45, 46, 43, 44] FAIL
[39, 45, 46, 43, 44, 45] FAIL
[80, 76, 75, 72, 72] FAIL
[87, 76, 75, 72, 72] FAIL
[87, 80, 75, 72, 72] FAIL
[87, 80, 76, 72, 72] FAIL
[87, 80, 76, 75, 72] FAIL
[87, 80, 76, 75, 72] FAIL
[87, 80, 76, 75, 72, 72] FAIL
[88, 89, 90, 92, 93, 92, 91] FAIL
[86, 89, 90, 92, 93, 92, 91] FAIL
[86, 88, 90, 92, 93, 92, 91] FAIL
[86, 88, 89, 92, 93, 92, 91] FAIL
[86, 88, 89, 90, 93, 92, 91] FAIL
[86, 88, 89, 90, 92, 92, 91] FAIL
[86, 88, 89, 90, 92, 93, 91] FAIL
[86, 88, 89, 90, 92, 93, 92] FAIL
[86, 88, 89, 90, 92, 93, 92, 91] FAIL
[45, 48, 50, 57, 54] FAIL
[63, 65, 67, 70, 67] FAIL
[65, 65, 67, 70, 67] FAIL
[65, 63, 67, 70, 67] FAIL
[65, 63, 65, 70, 67] FAIL
[65, 63, 65, 67, 67] FAIL
[65, 63, 65, 67, 70] FAIL
[65, 63, 65, 67, 70, 67] FAIL
[34, 32, 32, 30, 27, 25, 21] FAIL
[38, 32, 32, 30, 27, 25, 21] FAIL
[38, 34, 32, 30, 27, 25, 21] FAIL
[38, 34, 32, 30, 27, 25, 21] FAIL
[38, 34, 32, 32, 27, 25, 21] FAIL
[38, 34, 32, 32, 30, 25, 21] FAIL
[38, 34, 32, 32, 30, 27, 21] FAIL
[38, 34, 32, 32, 30, 27, 25] FAIL
[38, 34, 32, 32, 30, 27, 25, 21] FAIL
[21, 23, 20, 22, 23, 26, 28] FAIL
[17, 23, 20, 22, 23, 26, 28] FAIL
[17, 21, 20, 22, 23, 26, 28] FAIL
[17, 21, 23, 22, 23, 26, 28] FAIL
[17, 21, 23, 20, 23, 26, 28] FAIL
[17, 21, 23, 20, 22, 26, 28] FAIL
[17, 21, 23, 20, 22, 23, 28] FAIL
[17, 21, 23, 20, 22, 23, 26] FAIL
[17, 21, 23, 20, 22, 23, 26, 28] FAIL
[66, 71, 74, 75] FAIL
[65, 71, 74, 75] FAIL
[65, 66, 74, 75] FAIL
[65, 66, 71, 75] FAIL
[65, 66, 71, 74] FAIL
[65, 66, 71, 74, 75] FAIL
[6, 9, 12, 15, 18, 22] FAIL
[78, 76, 78, 80, 81, 88] FAIL
[76, 76, 78, 80, 81, 88] FAIL
[76, 78, 78, 80, 81, 88] FAIL
[76, 78, 76, 80, 81, 88] FAIL
[76, 78, 76, 78, 81, 88] FAIL
[76, 78, 76, 78, 80, 88] FAIL
[76, 78, 76, 78, 80, 81] FAIL
[76, 78, 76, 78, 80, 81, 88] FAIL
[25, 24, 22, 21, 21] FAIL
[32, 24, 22, 21, 21] FAIL
[32, 25, 22, 21, 21] FAIL
[32, 25, 24, 21, 21] FAIL
[32, 25, 24, 22, 21] FAIL
[32, 25, 24, 22, 21] FAIL
[32, 25, 24, 22, 21, 21] FAIL
[50, 52, 54, 54, 56, 59, 59] FAIL
[49, 52, 54, 54, 56, 59, 59] FAIL
[49, 50, 54, 54, 56, 59, 59] FAIL
[49, 50, 52, 54, 56, 59, 59] FAIL
[49, 50, 52, 54, 56, 59, 59] FAIL
[49, 50, 52, 54, 54, 59, 59] FAIL
[49, 50, 52, 54, 54, 56, 59] FAIL
[49, 50, 52, 54, 54, 56, 59] FAIL
[49, 50, 52, 54, 54, 56, 59, 59] FAIL
[13, 16, 19, 20, 27, 29] FAIL
[16, 16, 19, 20, 27, 29] FAIL
[16, 13, 19, 20, 27, 29] FAIL
[16, 13, 16, 20, 27, 29] FAIL
[16, 13, 16, 19, 27, 29] FAIL
[16, 13, 16, 19, 20, 29] FAIL
[16, 13, 16, 19, 20, 27] FAIL
[16, 13, 16, 19, 20, 27, 29] FAIL
[71, 73, 71, 70] FAIL
[69, 66, 66, 65, 58] FAIL
[75, 66, 66, 65, 58] FAIL
[75, 69, 66, 65, 58] FAIL
[75, 69, 66, 65, 58] FAIL
[75, 69, 66, 66, 58] FAIL
[75, 69, 66, 66, 65] FAIL
[75, 69, 66, 66, 65, 58] FAIL
[55, 57, 60, 61, 64, 66, 73] FAIL
[58, 57, 60, 61, 64, 66, 73] FAIL
[58, 55, 60, 61, 64, 66, 73] FAIL
[58, 55, 57, 61, 64, 66, 73] FAIL
[58, 55, 57, 60, 64, 66, 73] FAIL
[58, 55, 57, 60, 61, 66, 73] FAIL
[58, 55, 57, 60, 61, 64, 73] FAIL
[58, 55, 57, 60, 61, 64, 66] FAIL
[58, 55, 57, 60, 61, 64, 66, 73] FAIL
[53, 53, 51, 48, 47, 44] FAIL
[52, 53, 51, 48, 47, 44] FAIL
[52, 53, 51, 48, 47, 44] FAIL
[52, 53, 53, 48, 47, 44] FAIL
[52, 53, 53, 51, 47, 44] FAIL
[52, 53, 53, 51, 48, 44] FAIL
[52, 53, 53, 51, 48, 47] FAIL
[52, 53, 53, 51, 48, 47, 44] FAIL
[21, 19, 17, 15, 11, 7] FAIL
[28, 19, 17, 15, 11, 7] FAIL
[28, 21, 17, 15, 11, 7] FAIL
[28, 21, 19, 15, 11, 7] FAIL
[28, 21, 19, 17, 11, 7] FAIL
[28, 21, 19, 17, 15, 7] FAIL
[28, 21, 19, 17, 15, 11] FAIL
[28, 21, 19, 17, 15, 11, 7] FAIL
[60, 61, 64, 61, 63, 65, 69] FAIL
[57, 61, 64, 61, 63, 65, 69] FAIL
[57, 60, 64, 61, 63, 65, 69] FAIL
[57, 60, 61, 61, 63, 65, 69] FAIL
[57, 60, 61, 64, 63, 65, 69] FAIL
[57, 60, 61, 64, 61, 65, 69] FAIL
[57, 60, 61, 64, 61, 63, 69] FAIL
[57, 60, 61, 64, 61, 63, 65] FAIL
[57, 60, 61, 64, 61, 63, 65, 69] FAIL
[5, 8, 9, 10, 14] FAIL
[8, 8, 9, 10, 14] FAIL
[8, 5, 9, 10, 14] FAIL
[8, 5, 8, 10, 14] FAIL
[8, 5, 8, 9, 14] FAIL
[8, 5, 8, 9, 10] FAIL
[8, 5, 8, 9, 10, 14] FAIL
[58, 56, 56, 53, 51, 54] FAIL
[65, 56, 56, 53, 51, 54] FAIL
[65, 58, 56, 53, 51, 54] FAIL
[65, 58, 56, 53, 51, 54] FAIL
[65, 58, 56, 56, 51, 54] FAIL
[65, 58, 56, 56, 53, 54] FAIL
[65, 58, 56, 56, 53, 51] FAIL
[65, 58, 56, 56, 53, 51, 54] FAIL
[67, 69, 76, 80] FAIL
[68, 69, 76, 80] FAIL
[68, 67, 76, 80] FAIL
[68, 67, 69, 80] FAIL
[68, 67, 69, 76] FAIL
[68, 67, 69, 76, 80] FAIL
[21, 21, 18, 17, 14, 12, 8] FAIL
[66, 68, 66, 63, 60, 54] FAIL
[67, 68, 66, 63, 60, 54] FAIL
[67, 66, 66, 63, 60, 54] FAIL
[67, 66, 68, 63, 60, 54] FAIL
[67, 66, 68, 66, 60, 54] FAIL
[67, 66, 68, 66, 63, 54] FAIL
[67, 66, 68, 66, 63, 60] FAIL
[67, 66, 68, 66, 63, 60, 54] FAIL
[27, 25, 20, 19, 17, 14, 16] FAIL
[26, 25, 20, 19, 17, 14, 16] FAIL
[26, 27, 20, 19, 17, 14, 16] FAIL
[26, 27, 25, 19, 17, 14, 16] FAIL
[26, 27, 25, 20, 17, 14, 16] FAIL
[26, 27, 25, 20, 19, 14, 16] FAIL
[26, 27, 25, 20, 19, 17, 16] FAIL
[26, 27, 25, 20, 19, 17, 14] FAIL
[26, 27, 25, 20, 19, 17, 14, 16] FAIL
[30, 33, 34, 34] FAIL
[31, 33, 34, 34] FAIL
[31, 30, 34, 34] FAIL
[31, 30, 33, 34] FAIL
[31, 30, 33, 34] FAIL
[31, 30, 33, 34, 34] FAIL
[55, 59, 62, 60] FAIL
[53, 59, 62, 60] FAIL
[53, 55, 62, 60] FAIL
[53, 55, 59, 60] FAIL
[53, 55, 59, 62] FAIL
[53, 55, 59, 62, 60] FAIL
[92, 95, 93, 90, 89, 83] FAIL
[96, 95, 93, 90, 89, 83] FAIL
[96, 92, 93, 90, 89, 83] FAIL
[96, 92, 95, 90, 89, 83] FAIL
[96, 92, 95, 93, 89, 83] FAIL
[96, 92, 95, 93, 90, 83] FAIL
[96, 92, 95, 93, 90, 89] FAIL
[96, 92, 95, 93, 90, 89, 83] FAIL
[18, 20, 23, 26, 25, 29] FAIL
[13, 20, 23, 26, 25, 29] FAIL
[13, 18, 23, 26, 25, 29] FAIL
[13, 18, 20, 26, 25, 29] FAIL
[13, 18, 20, 23, 25, 29] FAIL
[13, 18, 20, 23, 26, 29] FAIL
[13, 18, 20, 23, 26, 25] FAIL
[13, 18, 20, 23, 26, 25, 29] FAIL
[36, 36, 35, 36] FAIL
[61, 58, 56, 52, 49, 46] FAIL
[35, 38, 41, 38, 40, 39] FAIL
[38, 38, 41, 38, 40, 39] FAIL
[38, 35, 41, 38, 40, 39] FAIL
[38, 35, 38, 38, 40, 39] FAIL
[38, 35, 38, 41, 40, 39] FAIL
[38, 35, 38, 41, 38, 39] FAIL
[38, 35, 38, 41, 38, 40] FAIL
[38, 35, 38, 41, 38, 40, 39] FAIL
[14, 13, 10, 8, 2] FAIL
[11, 13, 10, 8, 2] FAIL
[11, 14, 10, 8, 2] FAIL
[11, 14, 13, 8, 2] FAIL
[11, 14, 13, 10, 2] FAIL
[11, 14, 13, 10, 8] FAIL
[11, 14, 13, 10, 8, 2] FAIL
[14, 15, 21, 18] FAIL
[11, 15, 21, 18] FAIL
[11, 14, 21, 18] FAIL
[11, 14, 15, 18] PASS
[53, 53, 51, 48, 47, 47] FAIL
[50, 53, 51, 48, 47, 47] FAIL
[50, 53, 51, 48, 47, 47] FAIL
[50, 53, 53, 48, 47, 47] FAIL
[50, 53, 53, 51, 47, 47] FAIL
[50, 53, 53, 51, 48, 47] FAIL
[50, 53, 53, 51, 48, 47] FAIL
[50, 53, 53, 51, 48, 47, 47] FAIL
[25, 23, 25, 23, 26] FAIL
[27, 23, 25, 23, 26] FAIL
[27, 25, 25, 23, 26] FAIL
[27, 25, 23, 23, 26] FAIL
[27, 25, 23, 25, 26] FAIL
[27, 25, 23, 25, 23] FAIL
[27, 25, 23, 25, 23, 26] FAIL
[48, 45, 44, 45, 42, 45] FAIL
[62, 61, 59, 54, 51, 53] FAIL
[66, 61, 59, 54, 51, 53] FAIL
[66, 62, 59, 54, 51, 53] FAIL
[66, 62, 61, 54, 51, 53] FAIL
[66, 62, 61, 59, 51, 53] FAIL
[66, 62, 61, 59, 54, 53] FAIL
[66, 62, 61, 59, 54, 51] FAIL
[66, 62, 61, 59, 54, 51, 53] FAIL
[6, 8, 5, 7, 8, 9, 14] FAIL
[67, 65, 68, 69, 72, 72] FAIL
[64, 65, 66, 73, 70] FAIL
[66, 65, 66, 73, 70] FAIL
[66, 64, 66, 73, 70] FAIL
[66, 64, 65, 73, 70] FAIL
[66, 64, 65, 66, 70] FAIL
[66, 64, 65, 66, 73] FAIL
[66, 64, 65, 66, 73, 70] FAIL
[92, 94, 95, 97, 99] PASS
[89, 86, 85, 84, 82, 82, 78] FAIL
[90, 86, 85, 84, 82, 82, 78] FAIL
[90, 89, 85, 84, 82, 82, 78] FAIL
[90, 89, 86, 84, 82, 82, 78] FAIL
[90, 89, 86, 85, 82, 82, 78] FAIL
[90, 89, 86, 85, 84, 82, 78] FAIL
[90, 89, 86, 85, 84, 82, 78] FAIL
[90, 89, 86, 85, 84, 82, 82] FAIL
[90, 89, 86, 85, 84, 82, 82, 78] FAIL
[77, 81, 84, 87, 87] FAIL
[36, 38, 36, 39, 41, 42, 42] FAIL
[31, 38, 36, 39, 41, 42, 42] FAIL
[31, 36, 36, 39, 41, 42, 42] FAIL
[31, 36, 38, 39, 41, 42, 42] FAIL
[31, 36, 38, 36, 41, 42, 42] FAIL
[31, 36, 38, 36, 39, 42, 42] FAIL
[31, 36, 38, 36, 39, 41, 42] FAIL
[31, 36, 38, 36, 39, 41, 42] FAIL
[31, 36, 38, 36, 39, 41, 42, 42] FAIL
[69, 68, 67, 68, 66, 66] FAIL
[73, 68, 67, 68, 66, 66] FAIL
[73, 69, 67, 68, 66, 66] FAIL
[73, 69, 68, 68, 66, 66] FAIL
[73, 69, 68, 67, 66, 66] FAIL
[73, 69, 68, 67, 68, 66] FAIL
[73, 69, 68, 67, 68, 66] FAIL
[73, 69, 68, 67, 68, 66, 66] FAIL
[12, 11, 10, 7, 4, 6, 6] FAIL
[14, 11, 10, 7, 4, 6, 6] FAIL
[14, 12, 10, 7, 4, 6, 6] FAIL
[14, 12, 11, 7, 4, 6, 6] FAIL
[14, 12, 11, 10, 4, 6, 6] FAIL
[14, 12, 11, 10, 7, 6, 6] FAIL
[14, 12, 11, 10, 7, 4, 6] FAIL
[14, 12, 11, 10, 7, 4, 6] FAIL
[14, 12, 11, 10, 7, 4, 6, 6] FAIL
[25, 23, 22, 19, 17, 16, 10] FAIL
[29, 23, 22, 19, 17, 16, 10] FAIL
[29, 25, 22, 19, 17, 16, 10] FAIL
[29, 25, 23, 19, 17, 16, 10] FAIL
[29, 25, 23, 22, 17, 16, 10] FAIL
[29, 25, 23, 22, 19, 16, 10] FAIL
[29, 25, 23, 22, 19, 17, 10] FAIL
[29, 25, 23, 22, 19, 17, 16] FAIL
[29, 25, 23, 22, 19, 17, 16, 10] FAIL
[81, 80, 78, 79, 79] FAIL
[80, 80, 78, 79, 79] FAIL
[80, 81, 78, 79, 79] FAIL
[80, 81, 80, 79, 79] FAIL
[80, 81, 80, 78, 79] FAIL
[80, 81, 80, 78, 79] FAIL
[80, 81, 80, 78, 79, 79] FAIL
[7, 7, 9, 10, 7] FAIL
[9, 7, 9, 10, 7] FAIL
[9, 7, 9, 10, 7] FAIL
[9, 7, 7, 10, 7] FAIL
[9, 7, 7, 9, 7] FAIL
[9, 7, 7, 9, 10] FAIL
[9, 7, 7, 9, 10, 7] FAIL
[84, 81, 79, 79, 79] FAIL
[88, 81, 79, 79, 79] FAIL
[88, 84, 79, 79, 79] FAIL
[88, 84, 81, 79, 79] FAIL
[88, 84, 81, 79, 79] FAIL
[88, 84, 81, 79, 79] FAIL
[88, 84, 81, 79, 79, 79] FAIL
[28, 29, 32, 33, 35, 38, 42] FAIL
[27, 29, 32, 33, 35, 38, 42] FAIL
[27, 28, 32, 33, 35, 38, 42] FAIL
[27, 28, 29, 33, 35, 38, 42] FAIL
[27, 28, 29, 32, 35, 38, 42] FAIL
[27, 28, 29, 32, 33, 38, 42] FAIL
[27, 28, 29, 32, 33, 35, 42] FAIL
[27, 28, 29, 32, 33, 35, 38] PASS
[11, 8, 8, 6, 5, 8] FAIL
[13, 8, 8, 6, 5, 8] FAIL
[13, 11, 8, 6, 5, 8] FAIL
[13, 11, 8, 6, 5, 8] FAIL
[13, 11, 8, 8, 5, 8] FAIL
[13, 11, 8, 8, 6, 8] FAIL
[13, 11, 8, 8, 6, 5] FAIL
[13, 11, 8, 8, 6, 5, 8] FAIL
[37, 44, 47, 48] FAIL
[30, 44, 47, 48] FAIL
[30, 37, 47, 48] FAIL
[30, 37, 44, 48] FAIL
[30, 37, 44, 47] FAIL
[30, 37, 44, 47, 48] FAIL
[54, 61, 62, 65, 68, 74] FAIL
[53, 61, 62, 65, 68, 74] FAIL
[53, 54, 62, 65, 68, 74] FAIL
[53, 54, 61, 65, 68, 74] FAIL
[53, 54, 61, 62, 68, 74] FAIL
[53, 54, 61, 62, 65, 74] FAIL
[53, 54, 61, 62, 65, 68] FAIL
[53, 54, 61, 62, 65, 68, 74] FAIL
[54, 51, 44, 41, 38, 35, 35] FAIL
[38, 35, 30, 28, 25, 28] FAIL
[90, 93, 96, 94] FAIL
[83, 93, 96, 94] FAIL
[83, 90, 96, 94] FAIL
[83, 90, 93, 94] FAIL
[83, 90, 93, 96] FAIL
[83, 90, 93, 96, 94] FAIL
[74, 75, 77, 80, 81, 82] PASS
[74, 71, 70, 68, 67, 68] FAIL
[71, 71, 70, 68, 67, 68] FAIL
[71, 74, 70, 68, 67, 68] FAIL
[71, 74, 71, 68, 67, 68] FAIL
[71, 74, 71, 70, 67, 68] FAIL
[71, 74, 71, 70, 68, 68] FAIL
[71, 74, 71, 70, 68, 67] FAIL
[71, 74, 71, 70, 68, 67, 68] FAIL
[35, 33, 36, 39, 41, 45] FAIL
[29, 27, 23, 23] FAIL
[32, 27, 23, 23] FAIL
[32, 29, 23, 23] FAIL
[32, 29, 27, 23] FAIL
[32, 29, 27, 23] FAIL
[32, 29, 27, 23, 23] FAIL
[49, 51, 53, 56, 61, 61] FAIL
[45, 51, 53, 56, 61, 61] FAIL
[45, 49, 53, 56, 61, 61] FAIL
[45, 49, 51, 56, 61, 61] FAIL
[45, 49, 51, 53, 61, 61] FAIL
[45, 49, 51, 53, 56, 61] FAIL
[45, 49, 51, 53, 56, 61] FAIL
[45, 49, 51, 53, 56, 61, 61] FAIL
[20, 18, 19, 13] FAIL
[60, 58, 55, 52] PASS
[2, 2, 5, 6, 10] FAIL
[69, 67, 65, 63, 63] FAIL
[68, 67, 65, 63, 63] FAIL
[68, 69, 65, 63, 63] FAIL
[68, 69, 67, 63, 63] FAIL
[68, 69, 67, 65, 63] FAIL
[68, 69, 67, 65, 63] FAIL
[68, 69, 67, 65, 63, 63] FAIL
[71, 74, 76, 79, 79] FAIL
[67, 74, 76, 79, 79] FAIL
[67, 71, 76, 79, 79] FAIL
[67, 71, 74, 79, 79] FAIL
[67, 71, 74, 76, 79] FAIL
[67, 71, 74, 76, 79] FAIL
[67, 71, 74, 76, 79, 79] FAIL
[37, 34, 32, 31, 29, 28, 26] PASS
[28, 31, 35, 37, 40, 42, 49] FAIL
[24, 31, 35, 37, 40, 42, 49] FAIL
[24, 28, 35, 37, 40, 42, 49] FAIL
[24, 28, 31, 37, 40, 42, 49] FAIL
[24, 28, 31, 35, 40, 42, 49] FAIL
[24, 28, 31, 35, 37, 42, 49] FAIL
[24, 28, 31, 35, 37, 40, 49] FAIL
[24, 28, 31, 35, 37, 40, 42] FAIL
[24, 28, 31, 35, 37, 40, 42, 49] FAIL
[77, 80, 80, 80] FAIL
[79, 80, 80, 80] FAIL
[79, 77, 80, 80] FAIL
[79, 77, 80, 80] FAIL
[79, 77, 80, 80] FAIL
[79, 77, 80, 80, 80] FAIL
[51, 50, 50, 47, 46, 42] FAIL
[58, 50, 50, 47, 46, 42] FAIL
[58, 51, 50, 47, 46, 42] FAIL
[58, 51, 50, 47, 46, 42] FAIL
[58, 51, 50, 50, 46, 42] FAIL
[58, 51, 50, 50, 47, 42] FAIL
[58, 51, 50, 50, 47, 46] FAIL
[58, 51, 50, 50, 47, 46, 42] FAIL
[28, 35, 37, 40, 43, 43] FAIL
[23, 35, 37, 40, 43, 43] FAIL
[23, 28, 37, 40, 43, 43] FAIL
[23, 28, 35, 40, 43, 43] FAIL
[23, 28, 35, 37, 43, 43] FAIL
[23, 28, 35, 37, 40, 43] FAIL
[23, 28, 35, 37, 40, 43] FAIL
[23, 28, 35, 37, 40, 43, 43] FAIL
[30, 31, 33, 32, 35, 39] FAIL
[26, 31, 33, 32, 35, 39] FAIL
[26, 30, 33, 32, 35, 39] FAIL
[26, 30, 31, 32, 35, 39] FAIL
[26, 30, 31, 33, 35, 39] FAIL
[26, 30, 31, 33, 32, 39] FAIL
[26, 30, 31, 33, 32, 35] FAIL
[26, 30, 31, 33, 32, 35, 39] FAIL
[55, 58, 58, 62] FAIL
[53, 58, 58, 62] FAIL
[53, 55, 58, 62] FAIL
[53, 55, 58, 62] FAIL
[53, 55, 58, 58] FAIL
[53, 55, 58, 58, 62] FAIL
[82, 80, 78, 75, 77, 75] FAIL
[88, 80, 78, 75, 77, 75] FAIL
[88, 82, 78, 75, 77, 75] FAIL
[88, 82, 80, 75, 77, 75] FAIL
[88, 82, 80, 78, 77, 75] FAIL
[88, 82, 80, 78, 75, 75] FAIL
[88, 82, 80, 78, 75, 77] FAIL
[88, 82, 80, 78, 75, 77, 75] FAIL
[68, 69, 70, 70, 72, 79] FAIL
[70, 69, 70, 70, 72, 79] FAIL
[70, 68, 70, 70, 72, 79] FAIL
[70, 68, 69, 70, 72, 79] FAIL
[70, 68, 69, 70, 72, 79] FAIL
[70, 68, 69, 70, 70, 79] FAIL
[70, 68, 69, 70, 70, 72] FAIL
[70, 68, 69, 70, 70, 72, 79] FAIL
[29, 31, 31, 34, 36, 38, 39] FAIL
[27, 31, 31, 34, 36, 38, 39] FAIL
[27, 29, 31, 34, 36, 38, 39] PASS
[4, 5, 6, 7, 9, 9, 15] FAIL
[3, 5, 6, 7, 9, 9, 15] FAIL
[3, 4, 6, 7, 9, 9, 15] FAIL
[3, 4, 5, 7, 9, 9, 15] FAIL
[3, 4, 5, 6, 9, 9, 15] FAIL
[3, 4, 5, 6, 7, 9, 15] FAIL
[3, 4, 5, 6, 7, 9, 15] FAIL
[3, 4, 5, 6, 7, 9, 9] FAIL
[3, 4, 5, 6, 7, 9, 9, 15] FAIL
[45, 41, 38, 37, 31] FAIL
[46, 41, 38, 37, 31] FAIL
[46, 45, 38, 37, 31] FAIL
[46, 45, 41, 37, 31] FAIL
[46, 45, 41, 38, 31] FAIL
[46, 45, 41, 38, 37] FAIL
[46, 45, 41, 38, 37, 31] FAIL
[52, 52, 55, 56, 59, 56] FAIL
[51, 52, 55, 56, 59, 56] FAIL
[51, 52, 55, 56, 59, 56] FAIL
[51, 52, 52, 56, 59, 56] FAIL
[51, 52, 52, 55, 59, 56] FAIL
[51, 52, 52, 55, 56, 56] FAIL
[51, 52, 52, 55, 56, 59] FAIL
[51, 52, 52, 55, 56, 59, 56] FAIL
[68, 69, 73, 73] FAIL
[69, 69, 73, 73] FAIL
[69, 68, 73, 73] FAIL
[69, 68, 69, 73] FAIL
[69, 68, 69, 73] FAIL
[69, 68, 69, 73, 73] FAIL
[84, 86, 86, 88, 89, 93] FAIL
[78, 86, 86, 88, 89, 93] FAIL
[78, 84, 86, 88, 89, 93] FAIL
[78, 84, 86, 88, 89, 93] FAIL
[78, 84, 86, 86, 89, 93] FAIL
[78, 84, 86, 86, 88, 93] FAIL
[78, 84, 86, 86, 88, 89] FAIL
[78, 84, 86, 86, 88, 89, 93] FAIL
[7, 9, 8, 6, 3, 6] FAIL
[14, 9, 8, 6, 3, 6] FAIL
[14, 7, 8, 6, 3, 6] FAIL
[14, 7, 9, 6, 3, 6] FAIL
[14, 7, 9, 8, 3, 6] FAIL
[14, 7, 9, 8, 6, 6] FAIL
[14, 7, 9, 8, 6, 3] FAIL
[14, 7, 9, 8, 6, 3, 6] FAIL
[26, 24, 22, 19, 16, 15, 11] FAIL
[28, 24, 22, 19, 16, 15, 11] FAIL
[28, 26, 22, 19, 16, 15, 11] FAIL
[28, 26, 24, 19, 16, 15, 11] FAIL
[28, 26, 24, 22, 16, 15, 11] FAIL
[28, 26, 24, 22, 19, 15, 11] FAIL
[28, 26, 24, 22, 19, 16, 11] FAIL
[28, 26, 24, 22, 19, 16, 15] PASS
[86, 81, 78, 75, 74] FAIL
[43, 39, 37, 35, 30] FAIL
[50, 39, 37, 35, 30] FAIL
[50, 43, 37, 35, 30] FAIL
[50, 43, 39, 35, 30] FAIL
[50, 43, 39, 37, 30] FAIL
[50, 43, 39, 37, 35] FAIL
[50, 43, 39, 37, 35, 30] FAIL
[60, 64, 65, 66, 63] FAIL
[54, 64, 65, 66, 63] FAIL
[54, 60, 65, 66, 63] FAIL
[54, 60, 64, 66, 63] FAIL
[54, 60, 64, 65, 63] FAIL
[54, 60, 64, 65, 66] FAIL
[54, 60, 64, 65, 66, 63] FAIL
[54, 51, 48, 45] PASS
[74, 74, 77, 80, 81, 82, 81] FAIL
[21, 18, 14, 11, 9, 5] FAIL
[54, 55, 57, 57] FAIL
[49, 55, 57, 57] FAIL
[49, 54, 57, 57] FAIL
[49, 54, 55, 57] FAIL
[49, 54, 55, 57] FAIL
[49, 54, 55, 57, 57] FAIL
[78, 77, 75, 74, 71, 70, 64] FAIL
[79, 77, 75, 74, 71, 70, 64] FAIL
[79, 78, 75, 74, 71, 70, 64] FAIL
[79, 78, 77, 74, 71, 70, 64] FAIL
[79, 78, 77, 75, 71, 70, 64] FAIL
[79, 78, 77, 75, 74, 70, 64] FAIL
[79, 78, 77, 75, 74, 71, 64] FAIL
[79, 78, 77, 75, 74, 71, 70] PASS
[15, 18, 20, 22] PASS
[91, 90, 89, 87, 86, 89, 83] FAIL
[98, 90, 89, 87, 86, 89, 83] FAIL
[98, 91, 89, 87, 86, 89, 83] FAIL
[98, 91, 90, 87, 86, 89, 83] FAIL
[98, 91, 90, 89, 86, 89, 83] FAIL
[98, 91, 90, 89, 87, 89, 83] FAIL
[98, 91, 90, 89, 87, 86, 83] FAIL
[98, 91, 90, 89, 87, 86, 89] FAIL
[98, 91, 90, 89, 87, 86, 89, 83] FAIL
[91, 90, 86, 83] FAIL
[95, 90, 86, 83] FAIL
[95, 91, 86, 83] FAIL
[95, 91, 90, 83] FAIL
[95, 91, 90, 86] FAIL
[95, 91, 90, 86, 83] FAIL
[67, 71, 73, 76, 80] FAIL
[69, 71, 73, 76, 80] FAIL
[69, 67, 73, 76, 80] FAIL
[69, 67, 71, 76, 80] FAIL
[69, 67, 71, 73, 80] FAIL
[69, 67, 71, 73, 76] FAIL
[69, 67, 71, 73, 76, 80] FAIL
[57, 55, 52, 52] FAIL
[74, 75, 78, 82, 79] FAIL
[43, 45, 43, 41, 40, 38, 39] FAIL
[47, 45, 43, 41, 40, 38, 39] FAIL
[47, 43, 43, 41, 40, 38, 39] FAIL
[47, 43, 45, 41, 40, 38, 39] FAIL
[47, 43, 45, 43, 40, 38, 39] FAIL
[47, 43, 45, 43, 41, 38, 39] FAIL
[47, 43, 45, 43, 41, 40, 39] FAIL
[47, 43, 45, 43, 41, 40, 38] FAIL
[47, 43, 45, 43, 41, 40, 38, 39] FAIL
[74, 76, 78, 79, 79, 83] FAIL
[70, 76, 78, 79, 79, 83] FAIL
[70, 74, 78, 79, 79, 83] FAIL
[70, 74, 76, 79, 79, 83] FAIL
[70, 74, 76, 78, 79, 83] FAIL
[70, 74, 76, 78, 79, 83] FAIL
[70, 74, 76, 78, 79, 79] FAIL
[70, 74, 76, 78, 79, 79, 83] FAIL
[88, 90, 93, 94, 93] FAIL
[83, 85, 86, 86] FAIL
[56, 57, 58, 62, 64, 67, 68] FAIL
[55, 57, 58, 62, 64, 67, 68] FAIL
[55, 56, 58, 62, 64, 67, 68] FAIL
[55, 56, 57, 62, 64, 67, 68] FAIL
[55, 56, 57, 58, 64, 67, 68] FAIL
[55, 56, 57, 58, 62, 67, 68] FAIL
[55, 56, 57, 58, 62, 64, 68] FAIL
[55, 56, 57, 58, 62, 64, 67] FAIL
[55, 56, 57, 58, 62, 64, 67, 68] FAIL
[86, 91, 94, 94] FAIL
[76, 77, 74, 77, 80, 83, 86] FAIL
[75, 77, 74, 77, 80, 83, 86] FAIL
[75, 76, 74, 77, 80, 83, 86] FAIL
[75, 76, 77, 77, 80, 83, 86] FAIL
[75, 76, 77, 74, 80, 83, 86] FAIL
[75, 76, 77, 74, 77, 83, 86] FAIL
[75, 76, 77, 74, 77, 80, 86] FAIL
[75, 76, 77, 74, 77, 80, 83] FAIL
[75, 76, 77, 74, 77, 80, 83, 86] FAIL
[58, 58, 61, 64, 67, 68, 68] FAIL
[51, 58, 61, 64, 67, 68, 68] FAIL
[51, 58, 61, 64, 67, 68, 68] FAIL
[51, 58, 58, 64, 67, 68, 68] FAIL
[51, 58, 58, 61, 67, 68, 68] FAIL
[51, 58, 58, 61, 64, 68, 68] FAIL
[51, 58, 58, 61, 64, 67, 68] FAIL
[51, 58, 58, 61, 64, 67, 68] FAIL
[51, 58, 58, 61, 64, 67, 68, 68] FAIL
[63, 62, 61, 59, 56, 54, 50] FAIL
[67, 62, 61, 59, 56, 54, 50] FAIL
[67, 63, 61, 59, 56, 54, 50] FAIL
[67, 63, 62, 59, 56, 54, 50] FAIL
[67, 63, 62, 61, 56, 54, 50] FAIL
[67, 63, 62, 61, 59, 54, 50] FAIL
[67, 63, 62, 61, 59, 56, 50] FAIL
[67, 63, 62, 61, 59, 56, 54] FAIL
[67, 63, 62, 61, 59, 56, 54, 50] FAIL
[91, 89, 88, 87, 86, 79] FAIL
[97, 89, 88, 87, 86, 79] FAIL
[97, 91, 88, 87, 86, 79] FAIL
[97, 91, 89, 87, 86, 79] FAIL
[97, 91, 89, 88, 86, 79] FAIL
[97, 91, 89, 88, 87, 79] FAIL
[97, 91, 89, 88, 87, 86] FAIL
[97, 91, 89, 88, 87, 86, 79] FAIL
[47, 45, 48, 47, 44, 42, 38] FAIL
[54, 45, 48, 47, 44, 42, 38] FAIL
[54, 47, 48, 47, 44, 42, 38] FAIL
[54, 47, 45, 47, 44, 42, 38] FAIL
[54, 47, 45, 48, 44, 42, 38] FAIL
[54, 47, 45, 48, 47, 42, 38] FAIL
[54, 47, 45, 48, 47, 44, 38] FAIL
[54, 47, 45, 48, 47, 44, 42] FAIL
[54, 47, 45, 48, 47, 44, 42, 38] FAIL
[19, 22, 19, 20, 22, 26] FAIL
[22, 22, 19, 20, 22, 26] FAIL
[22, 19, 19, 20, 22, 26] FAIL
[22, 19, 22, 20, 22, 26] FAIL
[22, 19, 22, 19, 22, 26] FAIL
[22, 19, 22, 19, 20, 26] FAIL
[22, 19, 22, 19, 20, 22] FAIL
[22, 19, 22, 19, 20, 22, 26] FAIL
[26, 24, 23, 20, 13, 11, 11] FAIL
[29, 24, 23, 20, 13, 11, 11] FAIL
[29, 26, 23, 20, 13, 11, 11] FAIL
[29, 26, 24, 20, 13, 11, 11] FAIL
[29, 26, 24, 23, 13, 11, 11] FAIL
[29, 26, 24, 23, 20, 11, 11] FAIL
[29, 26, 24, 23, 20, 13, 11] FAIL
[29, 26, 24, 23, 20, 13, 11] FAIL
[29, 26, 24, 23, 20, 13, 11, 11] FAIL
[3, 4, 6, 10, 16] FAIL
[56, 57, 62, 66] FAIL
[52, 57, 62, 66] FAIL
[52, 56, 62, 66] FAIL
[52, 56, 57, 66] FAIL
[52, 56, 57, 62] FAIL
[52, 56, 57, 62, 66] FAIL
[96, 96, 93, 88] FAIL
[94, 96, 93, 88] FAIL
[94, 96, 93, 88] FAIL
[94, 96, 96, 88] FAIL
[94, 96, 96, 93] FAIL
[94, 96, 96, 93, 88] FAIL
[70, 70, 73, 76, 79, 79] FAIL
[35, 38, 37, 36, 33, 31] FAIL
[36, 38, 37, 36, 33, 31] FAIL
[36, 35, 37, 36, 33, 31] FAIL
[36, 35, 38, 36, 33, 31] FAIL
[36, 35, 38, 37, 33, 31] FAIL
[36, 35, 38, 37, 36, 31] FAIL
[36, 35, 38, 37, 36, 33] FAIL
[36, 35, 38, 37, 36, 33, 31] FAIL
[31, 32, 35, 36, 41] FAIL
[14, 12, 11, 8, 6, 9, 5] FAIL
[17, 12, 11, 8, 6, 9, 5] FAIL
[17, 14, 11, 8, 6, 9, 5] FAIL
[17, 14, 12, 8, 6, 9, 5] FAIL
[17, 14, 12, 11, 6, 9, 5] FAIL
[17, 14, 12, 11, 8, 9, 5] FAIL
[17, 14, 12, 11, 8, 6, 5] PASS
[92, 91, 84, 81, 81] FAIL
[96, 91, 84, 81, 81] FAIL
[96, 92, 84, 81, 81] FAIL
[96, 92, 91, 81, 81] FAIL
[96, 92, 91, 84, 81] FAIL
[96, 92, 91, 84, 81] FAIL
[96, 92, 91, 84, 81, 81] FAIL
[72, 68, 66, 65, 65] FAIL
[76, 68, 66, 65, 65] FAIL
[76, 72, 66, 65, 65] FAIL
[76, 72, 68, 65, 65] FAIL
[76, 72, 68, 66, 65] FAIL
[76, 72, 68, 66, 65] FAIL
[76, 72, 68, 66, 65, 65] FAIL
[4, 6, 7, 11, 12, 16] FAIL
[1, 6, 7, 11, 12, 16] FAIL
[1, 4, 7, 11, 12, 16] FAIL
[1, 4, 6, 11, 12, 16] FAIL
[1, 4, 6, 7, 12, 16] FAIL
[1, 4, 6, 7, 11, 16] FAIL
[1, 4, 6, 7, 11, 12] FAIL
[1, 4, 6, 7, 11, 12, 16] FAIL
[52, 51, 50, 52, 51, 51] FAIL
[57, 51, 50, 52, 51, 51] FAIL
[57, 52, 50, 52, 51, 51] FAIL
[57, 52, 51, 52, 51, 51] FAIL
[57, 52, 51, 50, 51, 51] FAIL
[57, 52, 51, 50, 52, 51] FAIL
[57, 52, 51, 50, 52, 51] FAIL
[57, 52, 51, 50, 52, 51, 51] FAIL
[5, 6, 7, 9, 12, 15, 14] FAIL
[1, 6, 7, 9, 12, 15, 14] FAIL
[1, 5, 7, 9, 12, 15, 14] FAIL
[1, 5, 6, 9, 12, 15, 14] FAIL
[1, 5, 6, 7, 12, 15, 14] FAIL
[1, 5, 6, 7, 9, 15, 14] FAIL
[1, 5, 6, 7, 9, 12, 14] FAIL
[1, 5, 6, 7, 9, 12, 15] FAIL
[1, 5, 6, 7, 9, 12, 15, 14] FAIL
[66, 69, 68, 70] FAIL
[43, 42, 35, 33] FAIL
[47, 42, 35, 33] FAIL
[47, 43, 35, 33] FAIL
[47, 43, 42, 33] FAIL
[47, 43, 42, 35] FAIL
[47, 43, 42, 35, 33] FAIL
[57, 59, 64, 65, 67, 67] FAIL
[59, 59, 64, 65, 67, 67] FAIL
[59, 57, 64, 65, 67, 67] FAIL
[59, 57, 59, 65, 67, 67] FAIL
[59, 57, 59, 64, 67, 67] FAIL
[59, 57, 59, 64, 65, 67] FAIL
[59, 57, 59, 64, 65, 67] FAIL
[59, 57, 59, 64, 65, 67, 67] FAIL
[19, 19, 21, 24, 26, 28] FAIL
[51, 49, 47, 40] FAIL
[50, 47, 47, 47] FAIL
[52, 47, 47, 47] FAIL
[52, 50, 47, 47] FAIL
[52, 50, 47, 47] FAIL
[52, 50, 47, 47] FAIL
[52, 50, 47, 47, 47] FAIL
[89, 89, 86, 81] FAIL
[92, 89, 86, 81] FAIL
[92, 89, 86, 81] FAIL
[92, 89, 89, 81] FAIL
[92, 89, 89, 86] FAIL
[92, 89, 89, 86, 81] FAIL
[30, 33, 32, 29, 25] FAIL
[34, 33, 32, 29, 25] FAIL
[34, 30, 32, 29, 25] FAIL
[34, 30, 33, 29, 25] FAIL
[34, 30, 33, 32, 25] FAIL
[34, 30, 33, 32, 29] FAIL
[34, 30, 33, 32, 29, 25] FAIL
[10, 13, 14, 15, 20] FAIL
[6, 13, 14, 15, 20] FAIL
[6, 10, 14, 15, 20] FAIL
[6, 10, 13, 15, 20] FAIL
[6, 10, 13, 14, 20] FAIL
[6, 10, 13, 14, 15] FAIL
[6, 10, 13, 14, 15, 20] FAIL
[47, 46, 44, 40, 37, 36, 32] FAIL
[51, 46, 44, 40, 37, 36, 32] FAIL
[51, 47, 44, 40, 37, 36, 32] FAIL
[51, 47, 46, 40, 37, 36, 32] FAIL
[51, 47, 46, 44, 37, 36, 32] FAIL
[51, 47, 46, 44, 40, 36, 32] FAIL
[51, 47, 46, 44, 40, 37, 32] FAIL
[51, 47, 46, 44, 40, 37, 36] FAIL
[51, 47, 46, 44, 40, 37, 36, 32] FAIL
[58, 58, 56, 53, 50, 52] FAIL
[62, 58, 56, 53, 50, 52] FAIL
[62, 58, 56, 53, 50, 52] FAIL
[62, 58, 58, 53, 50, 52] FAIL
[62, 58, 58, 56, 50, 52] FAIL
[62, 58, 58, 56, 53, 52] FAIL
[62, 58, 58, 56, 53, 50] FAIL
[62, 58, 58, 56, 53, 50, 52] FAIL
[26, 24, 23, 20, 19, 15] FAIL
[34, 33, 32, 25, 24, 23, 26] FAIL
[36, 33, 32, 25, 24, 23, 26] FAIL
[36, 34, 32, 25, 24, 23, 26] FAIL
[36, 34, 33, 25, 24, 23, 26] FAIL
[36, 34, 33, 32, 24, 23, 26] FAIL
[36, 34, 33, 32, 25, 23, 26] FAIL
[36, 34, 33, 32, 25, 24, 26] FAIL
[36, 34, 33, 32, 25, 24, 23] FAIL
[36, 34, 33, 32, 25, 24, 23, 26] FAIL
[54, 55, 56, 56] FAIL
[53, 55, 56, 56] FAIL
[53, 54, 56, 56] FAIL
[53, 54, 55, 56] PASS
[29, 30, 27, 25, 25] FAIL
[75, 77, 79, 85] FAIL
[70, 77, 79, 85] FAIL
[70, 75, 79, 85] FAIL
[70, 75, 77, 85] FAIL
[70, 75, 77, 79] FAIL
[70, 75, 77, 79, 85] FAIL
[18, 16, 16, 13, 10] FAIL
[85, 87, 90, 91, 94] PASS
[59, 56, 56, 54, 52, 55] FAIL
[56, 56, 56, 54, 52, 55] FAIL
[56, 59, 56, 54, 52, 55] FAIL
[56, 59, 56, 54, 52, 55] FAIL
[56, 59, 56, 56, 52, 55] FAIL
[56, 59, 56, 56, 54, 55] FAIL
[56, 59, 56, 56, 54, 52] FAIL
[56, 59, 56, 56, 54, 52, 55] FAIL
[18, 20, 18, 17, 16] FAIL
[22, 20, 18, 17, 16] PASS
[10, 11, 14, 18, 20, 21, 22] FAIL
[12, 11, 14, 18, 20, 21, 22] FAIL
[12, 10, 14, 18, 20, 21, 22] FAIL
[12, 10, 11, 18, 20, 21, 22] FAIL
[12, 10, 11, 14, 20, 21, 22] FAIL
[12, 10, 11, 14, 18, 21, 22] FAIL
[12, 10, 11, 14, 18, 20, 22] FAIL
[12, 10, 11, 14, 18, 20, 21] FAIL
[12, 10, 11, 14, 18, 20, 21, 22] FAIL
[96, 93, 86, 85, 83] FAIL
[94, 93, 86, 85, 83] FAIL
[94, 96, 86, 85, 83] FAIL
[94, 96, 93, 85, 83] FAIL
[94, 96, 93, 86, 83] FAIL
[94, 96, 93, 86, 85] FAIL
[94, 96, 93, 86, 85, 83] FAIL
[56, 54, 52, 51, 53, 51, 49] FAIL
[54, 54, 52, 51, 53, 51, 49] FAIL
[54, 56, 52, 51, 53, 51, 49] FAIL
[54, 56, 54, 51, 53, 51, 49] FAIL
[54, 56, 54, 52, 53, 51, 49] FAIL
[54, 56, 54, 52, 51, 51, 49] FAIL
[54, 56, 54, 52, 51, 53, 49] FAIL
[54, 56, 54, 52, 51, 53, 51] FAIL
[54, 56, 54, 52, 51, 53, 51, 49] FAIL
[75, 71, 69, 66, 64, 58] FAIL
[72, 71, 69, 66, 64, 58] FAIL
[72, 75, 69, 66, 64, 58] FAIL
[72, 75, 71, 66, 64, 58] FAIL
[72, 75, 71, 69, 64, 58] FAIL
[72, 75, 71, 69, 66, 58] FAIL
[72, 75, 71, 69, 66, 64] FAIL
[72, 75, 71, 69, 66, 64, 58] FAIL
[45, 46, 47, 54, 56, 59] FAIL
[41, 46, 47, 54, 56, 59] FAIL
[41, 45, 47, 54, 56, 59] FAIL
[41, 45, 46, 54, 56, 59] FAIL
[41, 45, 46, 47, 56, 59] FAIL
[41, 45, 46, 47, 54, 59] FAIL
[41, 45, 46, 47, 54, 56] FAIL
[41, 45, 46, 47, 54, 56, 59] FAIL
[71, 75, 77, 81] FAIL
[17, 16, 13, 15, 11] FAIL
[14, 16, 13, 15, 11] FAIL
[14, 17, 13, 15, 11] FAIL
[14, 17, 16, 15, 11] FAIL
[14, 17, 16, 13, 11] FAIL
[14, 17, 16, 13, 15] FAIL
[14, 17, 16, 13, 15, 11] FAIL
[4, 9, 10, 12, 16] FAIL
[72, 73, 76, 79, 76] FAIL
[71, 73, 76, 79, 76] FAIL
[71, 72, 76, 79, 76] FAIL
[71, 72, 73, 79, 76] FAIL
[71, 72, 73, 76, 76] FAIL
[71, 72, 73, 76, 79] PASS
[69, 66, 67, 65, 58] FAIL
[67, 66, 67, 65, 58] FAIL
[67, 69, 67, 65, 58] FAIL
[67, 69, 66, 65, 58] FAIL
[67, 69, 66, 67, 58] FAIL
[67, 69, 66, 67, 65] FAIL
[67, 69, 66, 67, 65, 58] FAIL
[34, 31, 30, 29, 28, 25, 23] PASS
[35, 35, 33, 30] FAIL
[38, 35, 33, 30] PASS
[49, 52, 55, 58, 59, 62, 67] FAIL
[48, 52, 55, 58, 59, 62, 67] FAIL
[48, 49, 55, 58, 59, 62, 67] FAIL
[48, 49, 52, 58, 59, 62, 67] FAIL
[48, 49, 52, 55, 59, 62, 67] FAIL
[48, 49, 52, 55, 58, 62, 67] FAIL
[48, 49, 52, 55, 58, 59, 67] FAIL
[48, 49, 52, 55, 58, 59, 62] PASS
[51, 52, 52, 54] FAIL
[45, 52, 52, 54] FAIL
[45, 51, 52, 54] FAIL
[45, 51, 52, 54] FAIL
[45, 51, 52, 52] FAIL
[45, 51, 52, 52, 54] FAIL
[34, 36, 38, 38, 36] FAIL
[28, 36, 38, 38, 36] FAIL
[28, 34, 38, 38, 36] FAIL
[28, 34, 36, 38, 36] FAIL
[28, 34, 36, 38, 36] FAIL
[28, 34, 36, 38, 38] FAIL
[28, 34, 36, 38, 38, 36] FAIL
[15, 11, 9, 5] FAIL
[12, 11, 9, 5] FAIL
[12, 15, 9, 5] FAIL
[12, 15, 11, 5] FAIL
[12, 15, 11, 9] FAIL
[12, 15, 11, 9, 5] FAIL
[33, 36, 37, 41, 43, 46, 43] FAIL
[36, 36, 37, 41, 43, 46, 43] FAIL
[36, 33, 37, 41, 43, 46, 43] FAIL
[36, 33, 36, 41, 43, 46, 43] FAIL
[36, 33, 36, 37, 43, 46, 43] FAIL
[36, 33, 36, 37, 41, 46, 43] FAIL
[36, 33, 36, 37, 41, 43, 43] FAIL
[36, 33, 36, 37, 41, 43, 46] FAIL
[36, 33, 36, 37, 41, 43, 46, 43] FAIL
[90, 86, 83, 80, 77] FAIL
[91, 86, 83, 80, 77] FAIL
[91, 90, 83, 80, 77] FAIL
[91, 90, 86, 80, 77] FAIL
[91, 90, 86, 83, 77] FAIL
[91, 90, 86, 83, 80] FAIL
[91, 90, 86, 83, 80, 77] FAIL
[55, 61, 63, 64, 66, 65] FAIL
[48, 61, 63, 64, 66, 65] FAIL
[48, 55, 63, 64, 66, 65] FAIL
[48, 55, 61, 64, 66, 65] FAIL
[48, 55, 61, 63, 66, 65] FAIL
[48, 55, 61, 63, 64, 65] FAIL
[48, 55, 61, 63, 64, 66] FAIL
[48, 55, 61, 63, 64, 66, 65] FAIL
[55, 56, 56, 62] FAIL
[64, 59, 58, 57, 56, 50] FAIL
[13, 11, 10, 7, 5, 8] FAIL
[16, 11, 10, 7, 5, 8] FAIL
[16, 13, 10, 7, 5, 8] FAIL
[16, 13, 11, 7, 5, 8] FAIL
[16, 13, 11, 10, 5, 8] FAIL
[16, 13, 11, 10, 7, 8] FAIL
[16, 13, 11, 10, 7, 5] PASS
[26, 31, 32, 34, 41] FAIL
[57, 50, 48, 46, 42] FAIL
[58, 50, 48, 46, 42] FAIL
[58, 57, 48, 46, 42] FAIL
[58, 57, 50, 46, 42] FAIL
[58, 57, 50, 48, 42] FAIL
[58, 57, 50, 48, 46] FAIL
[58, 57, 50, 48, 46, 42] FAIL
[19, 18, 16, 17] FAIL
[23, 18, 16, 17] FAIL
[23, 19, 16, 17] FAIL
[23, 19, 18, 17] FAIL
[23, 19, 18, 16] FAIL
[23, 19, 18, 16, 17] FAIL
[15, 18, 21, 24, 27, 29, 32] PASS
[63, 60, 57, 55, 54, 52, 51] PASS
[84, 82, 80, 77, 76, 75] PASS
[40, 42, 44, 46, 48, 51, 53] PASS
[91, 89, 86, 84, 81] PASS
[37, 40, 41, 42, 45, 46, 49, 52] PASS
[90, 87, 85, 84, 83, 81, 78, 76] PASS
[9, 10, 11, 13, 14, 16] PASS
[35, 34, 31, 28, 26, 24, 22, 21] PASS
[96, 95, 93, 90, 87, 86] PASS
[45, 46, 49, 52, 53, 55, 57] PASS
[54, 56, 58, 61, 62] PASS
[44, 47, 48, 50, 53] PASS
[79, 81, 82, 83, 86, 87] PASS
[15, 17, 18, 19, 22, 25, 26, 27] PASS
[26, 29, 30, 33, 35] PASS
[90, 89, 87, 86, 85, 83, 80] PASS
[79, 80, 82, 83, 84] PASS
[42, 45, 47, 49, 50] PASS
[89, 88, 87, 86, 83, 82, 80] PASS
[22, 23, 24, 26, 28] PASS
[51, 48, 46, 43, 40, 37, 36] PASS
[1, 3, 5, 7, 8, 10, 12] PASS
[87, 84, 83, 81, 80, 78, 77, 76] PASS
[76, 74, 71, 69, 66, 63, 61] PASS
[20, 21, 23, 26, 29, 31, 33, 34] PASS
[48, 47, 45, 42, 41, 40, 39] PASS
[56, 53, 52, 51, 48, 45, 42, 39] PASS
[31, 32, 34, 36, 39, 41] PASS
[40, 37, 35, 33, 30, 27, 25, 22] PASS
[76, 74, 73, 70, 68, 66] PASS
[67, 64, 62, 60, 59] PASS
[35, 34, 31, 28, 25, 22] PASS
[93, 91, 90, 88, 85, 83, 81] PASS
[7, 10, 11, 14, 16, 17, 20] PASS
[37, 35, 34, 31, 28] PASS
[58, 59, 60, 63, 64, 66, 68] PASS
[13, 12, 11, 9, 7, 5, 4, 1] PASS
[80, 77, 74, 73, 71, 68, 65, 63] PASS
[93, 91, 89, 88, 87, 84, 81, 79] PASS
[87, 84, 81, 78, 77, 75] PASS
[70, 72, 75, 78, 80, 82, 83, 86] PASS
[69, 67, 65, 63, 60, 59, 56, 53] PASS
[23, 20, 17, 16, 15] PASS
[64, 65, 68, 70, 71, 72] PASS
[79, 80, 81, 84, 86] PASS
[15, 18, 21, 23, 25, 27] PASS
[39, 36, 35, 33, 30, 27, 24, 22] PASS
[54, 53, 51, 50, 47] PASS
[68, 67, 65, 63, 61, 59] PASS
[99, 97, 95, 93, 92, 91, 88] PASS
[71, 68, 65, 63, 61, 59] PASS
[66, 64, 63, 60, 58, 57] PASS
[51, 53, 56, 58, 61, 63] PASS
[84, 87, 89, 91, 92, 95] PASS
[30, 31, 34, 37, 38, 39] PASS
[57, 58, 59, 61, 63, 66] PASS
[62, 64, 65, 68, 70, 71, 72, 73] PASS
[23, 21, 20, 17, 15, 14, 12, 11] PASS
[53, 56, 58, 60, 62, 63, 64] PASS
[76, 74, 72, 70, 68, 66, 64, 61] PASS
[88, 85, 84, 83, 80, 78] PASS
[41, 38, 37, 34, 33, 31, 29] PASS
[33, 35, 37, 39, 42, 45] PASS
[34, 32, 29, 26, 24] PASS
[95, 93, 90, 87, 84, 82, 79, 78] PASS
[21, 24, 25, 28, 31] PASS
[83, 86, 88, 91, 94, 96, 98] PASS
[83, 81, 79, 78, 77, 74, 71, 69] PASS
[84, 83, 80, 79, 76, 75, 74] PASS
[35, 32, 31, 28, 26, 23, 22, 20] PASS
[48, 46, 44, 41, 38, 37] PASS
[89, 91, 93, 94, 97, 99] PASS
[14, 16, 17, 18, 20] PASS
[23, 22, 19, 16, 13, 10] PASS
[78, 80, 81, 82, 84, 85, 88] PASS
[25, 23, 22, 21, 20] PASS
[33, 32, 29, 28, 26, 24, 21, 19] PASS
[80, 78, 76, 73, 72, 69] PASS
[82, 81, 79, 78, 76, 73] PASS
[54, 51, 48, 45, 44] PASS
[34, 32, 29, 27, 24, 21, 19, 16] PASS
[70, 69, 66, 63, 61, 58, 55, 52] PASS
[29, 26, 24, 21, 18, 15, 13, 12] PASS
[81, 84, 86, 87, 88, 91, 93, 94] PASS
[85, 82, 79, 76, 73, 70, 68, 67] PASS
[82, 81, 80, 77, 76, 75, 72] PASS
[42, 39, 38, 36, 35] PASS
[71, 74, 77, 80, 81, 83] PASS
[32, 35, 36, 37, 40] PASS
[59, 57, 54, 53, 52] PASS
[36, 33, 31, 30, 27, 25, 23] PASS
[89, 86, 83, 81, 79, 76, 74, 73] PASS
[76, 77, 80, 83, 86, 88] PASS
[72, 70, 69, 66, 65] PASS
[27, 25, 24, 21, 19, 16] PASS
[57, 60, 63, 66, 69, 70, 73, 75] PASS
[34, 35, 36, 38, 40, 43, 46] PASS
[26, 28, 29, 32, 35, 37, 38, 41] PASS
[14, 12, 9, 7, 5] PASS
[11, 14, 17, 18, 21, 24] PASS
[47, 45, 42, 39, 36, 33] PASS
[52, 55, 58, 59, 60, 63] PASS
[83, 81, 80, 78, 76, 74, 71, 70] PASS
[10, 11, 13, 15, 16, 17, 20, 22] PASS
[67, 66, 63, 61, 58, 55] PASS
[83, 86, 89, 91, 93] PASS
[78, 81, 84, 87, 89] PASS
[51, 49, 46, 45, 42, 40, 38] PASS
[69, 66, 63, 62, 61, 60, 58] PASS
[69, 70, 72, 75, 78, 80, 83] PASS
[26, 29, 30, 33, 34, 35] PASS
[48, 45, 43, 41, 38] PASS
[76, 73, 70, 69, 67, 66] PASS
[67, 70, 73, 76, 78, 81] PASS
[48, 46, 43, 41, 38, 36] PASS
[77, 75, 73, 70, 69] PASS
[4, 6, 9, 10, 12, 14, 17, 20] PASS
[21, 23, 24, 27, 29, 30, 31] PASS
[77, 75, 74, 73, 70, 69, 66] PASS
[18, 17, 16, 14, 12] PASS
[46, 44, 41, 39, 38] PASS
[29, 26, 25, 24, 21, 19] PASS
[5, 7, 9, 10, 11, 12, 14, 15] PASS
[67, 64, 63, 60, 57, 55, 54] PASS
[26, 29, 30, 31, 33, 36, 38] PASS
[27, 29, 30, 32, 35] PASS
[27, 25, 23, 22, 20, 19, 16, 14] PASS
[51, 53, 55, 58, 59, 60] PASS
[22, 19, 17, 16, 15, 12, 11] PASS
[29, 26, 23, 22, 19, 16, 14, 12] PASS
[5, 7, 9, 10, 13] PASS
[51, 52, 55, 56, 57, 58, 59] PASS
[46, 49, 50, 53, 54, 57, 58] PASS
[48, 47, 46, 45, 43, 42, 40, 37] PASS
[57, 59, 61, 63, 66, 69] PASS
[60, 58, 55, 53, 51, 48, 47] PASS
[89, 88, 86, 85, 82, 80, 79] PASS
[47, 45, 42, 41, 38, 36, 34] PASS
[93, 92, 89, 86, 85, 83] PASS
[46, 49, 52, 54, 55, 57, 58, 60] PASS
[47, 49, 51, 54, 57, 58, 61, 62] PASS
[35, 38, 41, 42, 45, 48, 49] PASS
[45, 47, 49, 52, 55, 58] PASS
[60, 57, 55, 52, 51, 49, 47, 44] PASS
[62, 61, 58, 56, 55, 53, 50, 47] PASS
[49, 47, 44, 43, 40, 39, 38, 37] PASS
[56, 53, 50, 49, 48, 46, 44, 41] PASS
[42, 41, 39, 37, 34, 33] PASS
[57, 55, 52, 50, 47, 45] PASS
[86, 83, 81, 78, 75, 73, 70] PASS
[13, 12, 9, 8, 7, 4] PASS
[4, 5, 6, 8, 11, 13, 16] PASS
[25, 23, 22, 19, 17, 16, 14] PASS
[85, 88, 89, 90, 91, 92, 93, 96] PASS
[89, 88, 85, 84, 81, 79, 78] PASS
[37, 39, 42, 43, 46, 49, 50] PASS
[78, 76, 73, 71, 68, 67, 66] PASS
[44, 45, 48, 49, 51, 54, 57] PASS
[61, 60, 58, 56, 55, 54, 52, 50] PASS
[13, 16, 19, 20, 23, 24] PASS
[50, 47, 44, 43, 41] PASS
[21, 23, 24, 27, 28, 31, 34] PASS
[22, 25, 28, 31, 32] PASS
[25, 26, 29, 31, 33, 35] PASS
[87, 89, 91, 93, 95, 98] PASS
[16, 17, 20, 21, 23, 24] PASS
[71, 72, 75, 78, 80, 81] PASS
[79, 82, 84, 85, 88] PASS
[69, 66, 63, 60, 59, 57, 54, 53] PASS
[42, 40, 39, 37, 34, 33, 30] PASS
[62, 64, 67, 68, 70, 71, 74] PASS
[22, 24, 27, 30, 33, 34, 35] PASS
[13, 11, 10, 8, 7, 5] PASS
[98, 97, 94, 92, 91, 90] PASS
[24, 27, 30, 32, 34, 36, 38, 40] PASS
[7, 10, 11, 12, 14, 15, 18] PASS
[75, 76, 79, 80, 83, 86, 89, 90] PASS
[17, 14, 12, 11, 8, 7] PASS
[60, 61, 62, 64, 65, 66, 68] PASS
[67, 68, 71, 72, 74] PASS
[50, 53, 54, 55, 56, 58] PASS
[68, 65, 64, 61, 60, 58, 55, 54] PASS
[85, 84, 83, 82, 79] PASS
[54, 57, 58, 60, 61] PASS
[70, 71, 74, 76, 78, 81, 84, 86] PASS
[28, 27, 26, 23, 22, 21] PASS
[88, 90, 91, 93, 96, 99] PASS
[39, 38, 37, 36, 33, 31, 30] PASS
[41, 43, 44, 46, 47] PASS
[70, 68, 65, 63, 60, 59, 58, 55] PASS
[61, 60, 59, 57, 55, 53, 52, 49] PASS
[54, 52, 51, 50, 47, 45, 44] PASS
[11, 14, 15, 18, 19, 20, 21] PASS
[76, 73, 70, 68, 65, 64, 61] PASS
[45, 46, 49, 52, 53, 54] PASS
[51, 50, 47, 44, 41] PASS
[27, 29, 30, 33, 36, 38, 39] PASS
[27, 25, 22, 21, 20] PASS
[56, 57, 58, 60, 63, 65, 66, 67] PASS
[8, 6, 5, 3, 1] PASS
[51, 49, 46, 45, 42, 39, 38, 36] PASS
[75, 73, 71, 68, 65] PASS
[77, 78, 81, 82, 83] PASS
[74, 72, 69, 68, 65, 63, 61] PASS
[19, 21, 24, 25, 27] PASS
[24, 26, 28, 29, 32, 33, 36, 39] PASS
[57, 56, 55, 52, 49] PASS
[63, 62, 59, 57, 56, 53] PASS
[44, 47, 49, 51, 53, 54, 55] PASS
[26, 25, 22, 19, 16] PASS
[78, 76, 73, 71, 68, 66] PASS
[74, 72, 69, 68, 66, 63, 60] PASS
[32, 33, 35, 36, 37, 39, 40, 41] PASS
[24, 26, 28, 29, 32, 35] PASS
[65, 63, 62, 61, 60, 59, 56, 54] PASS
[53, 50, 48, 47, 46, 43] PASS
[61, 58, 56, 55, 53, 52, 51, 49] PASS
[48, 46, 45, 43, 40, 38] PASS
[15, 12, 11, 8, 6, 5, 4] PASS
[31, 28, 26, 23, 22] PASS
[54, 55, 56, 58, 60, 62, 63, 66] PASS
[65, 67, 69, 72, 74, 76] PASS
[46, 49, 52, 54, 56] PASS
[35, 34, 32, 29, 26] PASS
[12, 11, 9, 6, 4] PASS
[19, 18, 16, 13, 10, 9] PASS
[35, 32, 31, 30, 29] PASS
[51, 53, 55, 56, 58, 60, 62] PASS
[23, 20, 19, 16, 14, 11] PASS
[14, 17, 18, 19, 21, 23] PASS
[3, 4, 7, 9, 10, 13] PASS
[37, 35, 32, 31, 28, 26, 24, 22] PASS
[17, 20, 21, 23, 24, 27] PASS
[37, 40, 42, 44, 47, 48, 51, 52] PASS
[77, 76, 73, 71, 70, 69, 66] PASS
[91, 90, 88, 87, 86, 85, 82, 80] PASS
[71, 68, 65, 62, 59, 58, 57] PASS
[6, 8, 10, 11, 13, 16, 17] PASS
[28, 29, 31, 34, 37, 39, 41, 44] PASS
[2, 5, 8, 9, 10, 13, 15] PASS
[67, 65, 63, 62, 59, 56, 53, 51] PASS
[5, 6, 9, 10, 13, 16, 19, 21] PASS
[84, 86, 87, 90, 91, 93, 95, 97] PASS
[46, 47, 49, 52, 54] PASS
[74, 72, 71, 70, 69] PASS
[8, 9, 11, 14, 17, 19, 20, 23] PASS
[28, 25, 22, 19, 18, 16, 15] PASS
[29, 30, 32, 33, 34, 36, 37, 40] PASS
[73, 74, 75, 77, 79, 82] PASS
[37, 36, 35, 34, 32, 30, 27] PASS
[15, 16, 17, 18, 20] PASS
[71, 70, 69, 66, 65, 63, 61] PASS
[26, 24, 21, 18, 15] PASS
[66, 69, 72, 75, 78] PASS
[94, 91, 90, 89, 87, 86] PASS
[46, 48, 49, 51, 52, 55, 58] PASS
[27, 24, 22, 19, 17, 16, 13] PASS
[65, 66, 68, 71, 73, 76, 79] PASS
[59, 58, 56, 54, 53, 51] PASS
[35, 36, 39, 40, 41, 43, 45] PASS
[22, 25, 27, 29, 31, 34, 36, 39] PASS
[33, 35, 36, 37, 38] PASS
[88, 87, 86, 84, 81, 79] PASS
[43, 40, 38, 35, 32, 30, 27] PASS
[34, 36, 39, 40, 43, 45, 47] PASS
[27, 26, 24, 23, 21, 18, 15, 14] PASS
[56, 55, 54, 52, 49, 48, 45, 43] PASS
[26, 27, 30, 33, 36, 39] PASS
[87, 90, 92, 93, 94, 97, 98, 99] PASS
[67, 66, 63, 62, 60, 58, 55] PASS
[86, 84, 81, 80, 77, 75, 73] PASS
[64, 61, 58, 57, 55] PASS
[64, 65, 67, 70, 72, 73] PASS
[86, 89, 92, 94, 96, 99] PASS
[50, 47, 46, 44, 42, 39, 37, 36] PASS
[77, 80, 82, 85, 87, 89] PASS
[69, 66, 65, 63, 60] PASS
[33, 36, 37, 39, 41, 43, 45, 46] PASS
[73, 74, 75, 78, 81, 82] PASS
[52, 49, 48, 45, 42, 41, 38, 35] PASS
[23, 20, 19, 18, 17] PASS
[34, 36, 37, 38, 41, 44] PASS
[52, 54, 56, 57, 60, 62, 64, 67] PASS
[15, 18, 19, 20, 23, 25] PASS
[13, 12, 11, 8, 6, 3] PASS
[15, 16, 18, 21, 24, 26, 27] PASS
[64, 66, 69, 72, 73, 76, 79, 80] PASS
[40, 41, 43, 45, 46, 48, 50, 52] PASS
[24, 26, 29, 31, 33, 34, 36] PASS
[52, 50, 48, 46, 44, 41, 40, 37] PASS
[24, 21, 18, 15, 12, 11] PASS
[77, 80, 81, 82, 84, 85, 87, 88] PASS
[59, 56, 55, 54, 53] PASS
[51, 50, 47, 45, 42, 40] PASS
[66, 69, 70, 73, 75, 77, 79, 80] PASS
[43, 46, 49, 50, 51] PASS
[62, 64, 67, 69, 71, 73, 75] PASS
[66, 68, 71, 74, 76, 78, 79, 80] PASS
[14, 12, 9, 7, 4] PASS
[26, 29, 31, 33, 36, 39] PASS
[70, 71, 74, 76, 77] PASS
[82, 83, 86, 89, 91, 93, 95] PASS
[55, 52, 51, 49, 48] PASS
[18, 17, 16, 13, 11] PASS
[26, 28, 29, 32, 35, 36, 39] PASS
[34, 37, 38, 41, 43, 44, 47, 48] PASS
[61, 64, 65, 68, 69, 71, 73] PASS
[84, 86, 88, 90, 93] PASS
[52, 55, 56, 59, 61, 64, 65, 68] PASS
[16, 18, 21, 23, 26, 28, 30, 32] PASS
[9, 12, 13, 16, 18] PASS
[20, 21, 23, 26, 28, 29, 30, 33] PASS
[89, 88, 85, 84, 83, 80, 78, 76] PASS
[71, 70, 67, 65, 62] PASS
[36, 34, 32, 29, 27, 25] PASS
[86, 84, 82, 81, 78, 77] PASS
[36, 39, 40, 43, 45, 47, 48] PASS
[80, 77, 76, 73, 72, 71] PASS
[24, 21, 20, 19, 17, 14, 12, 9] PASS
[39, 37, 35, 34, 33, 30, 27] PASS
[44, 47, 50, 51, 53, 56, 58, 61] PASS
[66, 64, 62, 59, 58, 56, 53, 50] PASS
[62, 60, 58, 56, 55, 52] PASS
[67, 69, 72, 75, 77] PASS
[62, 64, 66, 67, 68, 69, 70, 73] PASS
[41, 43, 45, 48, 51] PASS
[40, 42, 43, 45, 47] PASS
[33, 35, 37, 38, 40, 41] PASS
[17, 18, 20, 23, 24, 25, 28, 30] PASS
[16, 17, 19, 21, 23] PASS
[57, 59, 61, 64, 66, 68, 69, 72] PASS
[99, 96, 94, 93, 90] PASS
[76, 77, 80, 81, 82, 83, 85] PASS
[21, 19, 17, 15, 12, 11] PASS
[65, 68, 71, 73, 76, 79] PASS
[7, 10, 11, 14, 17, 20, 21] PASS
[80, 79, 76, 73, 70] PASS
[76, 79, 81, 83, 84, 87, 89] PASS
[82, 81, 79, 76, 75] PASS
[50, 47, 45, 44, 43, 42, 40] PASS
[97, 95, 93, 91, 89, 86, 83] PASS
[88, 89, 91, 93, 95, 96] PASS
[13, 11, 9, 7, 6, 3, 2] PASS
[74, 76, 79, 82, 85, 87, 90, 93] PASS
[93, 90, 88, 87, 85] PASS
[51, 49, 46, 44, 43, 40, 39] PASS
[6, 7, 10, 13, 16, 17, 20] PASS
[77, 75, 73, 70, 69, 66, 64, 63] PASS
[30, 33, 34, 35, 38] PASS
[49, 51, 52, 54, 56] PASS
[22, 24, 25, 28, 30] PASS
[18, 19, 22, 24, 27, 30, 33, 35] PASS
[83, 84, 87, 89, 92] PASS
[32, 35, 36, 37, 40, 43] PASS
[18, 17, 16, 14, 13, 10, 9] PASS
[53, 51, 49, 46, 45, 42] PASS
[64, 65, 68, 70, 72] PASS
[72, 69, 68, 65, 64] PASS
[55, 53, 50, 49, 46, 43, 42, 39] PASS
[53, 52, 50, 48, 45, 42, 39] PASS
[71, 73, 75, 78, 81] PASS
[83, 85, 86, 89, 91, 94] PASS
[84, 85, 87, 89, 92, 93] PASS
[27, 24, 23, 22, 19, 18] PASS
[19, 22, 24, 26, 27] PASS
[58, 57, 56, 55, 52, 49, 47] PASS
[80, 79, 76, 75, 74] PASS
[89, 86, 83, 80, 77, 74] PASS
[18, 20, 21, 22, 25] PASS
[30, 29, 27, 26, 24] PASS
[79, 80, 81, 82, 83, 86, 88] PASS
[83, 81, 78, 77, 76, 73, 71] PASS
[7, 8, 11, 13, 16] PASS
[28, 27, 26, 25, 22] PASS
[27, 30, 31, 32, 34, 37] PASS
[87, 86, 83, 81, 80, 79, 78, 75] PASS
[19, 21, 23, 26, 27, 30, 32] PASS
[38, 40, 43, 45, 48, 51, 52, 55] PASS
[1, 2, 3, 5, 6, 8, 10] PASS
[24, 21, 19, 16, 14] PASS
[61, 59, 56, 54, 52, 51, 49, 48] PASS
[39, 37, 34, 32, 30, 27, 24] PASS
[41, 43, 44, 45, 47] PASS
[86, 85, 84, 81, 80, 79, 76, 74] PASS
[38, 41, 44, 45, 46, 49, 51] PASS
[50, 53, 54, 57, 58, 59, 62, 65] PASS
[88, 89, 90, 91, 94, 95, 98, 99] PASS
[73, 76, 78, 81, 83, 85] PASS
[34, 35, 36, 39, 41, 42] PASS
[26, 29, 30, 33, 34] PASS
[49, 46, 44, 41, 40] PASS
[66, 69, 70, 73, 75, 76, 77, 78] PASS
[31, 34, 37, 38, 39, 41] PASS
[58, 60, 63, 65, 66, 68] PASS
[75, 73, 72, 71, 70, 69, 66, 63] PASS
[68, 71, 73, 76, 79, 81] PASS
[50, 52, 55, 56, 57, 58, 61, 64] PASS
[98, 95, 94, 93, 90] PASS
[40, 37, 34, 32, 30] PASS
[73, 76, 77, 80, 81, 84, 85] PASS
[65, 64, 63, 61, 59, 58] PASS
[52, 53, 55, 57, 58, 60, 61, 63] PASS
[66, 69, 72, 73, 74, 77] PASS
[77, 76, 73, 71, 68, 67, 66, 63] PASS
[20, 17, 15, 14, 12, 10, 8] PASS
[69, 67, 65, 63, 62, 61, 59, 56] PASS
[89, 86, 84, 82, 80] PASS
[46, 47, 48, 51, 53, 54, 56] PASS
[72, 69, 68, 65, 64, 61, 59, 56] PASS
[33, 35, 37, 40, 43, 46, 48] PASS
[62, 60, 58, 56, 55, 54, 53, 50] PASS
[99, 97, 96, 93, 92, 90, 88] PASS
[39, 42, 45, 47, 48, 51] PASS
[74, 75, 76, 79, 81, 82, 83, 86] PASS
[64, 66, 67, 69, 72] PASS
[38, 35, 34, 33, 30] PASS
[19, 16, 14, 11, 9, 7, 6, 5] PASS
[66, 65, 62, 60, 57, 55] PASS
[34, 32, 31, 30, 27] PASS
[76, 75, 74, 73, 71] PASS
[29, 30, 33, 34, 36, 38] PASS
[33, 36, 39, 41, 44] PASS
[25, 26, 28, 29, 31, 33, 36] PASS
[13, 11, 8, 7, 6, 4] PASS
[94, 92, 89, 86, 84, 82] PASS
[54, 51, 50, 49, 46, 44, 43, 41] PASS
[2, 3, 5, 8, 11, 12, 15] PASS
[30, 31, 34, 36, 38] PASS
[20, 23, 26, 29, 30, 32, 35, 36] PASS
[61, 64, 65, 68, 71] PASS
[51, 54, 57, 60, 63] PASS
[21, 22, 23, 26, 27, 30, 33, 35] PASS
[17, 20, 22, 25, 28, 29] PASS
[44, 42, 39, 36, 34, 31, 30, 29] PASS
[27, 24, 21, 20, 19, 17] PASS
[32, 30, 29, 28, 26, 24, 21, 19] PASS
[44, 45, 48, 50, 53, 54, 56] PASS
[89, 86, 83, 81, 80, 78, 75, 72] PASS
[70, 67, 64, 63, 62, 60] PASS
[52, 53, 54, 57, 59] PASS
[27, 29, 32, 33, 36, 39, 40, 42] PASS
[32, 34, 35, 36, 39, 42, 45, 48] PASS
[61, 64, 66, 68, 71, 72, 74] PASS
[33, 30, 28, 27, 24, 23, 20] PASS
[31, 29, 27, 24, 21, 19] PASS
[21, 20, 19, 17, 15, 12] PASS
[42, 44, 47, 50, 53, 55, 56] PASS
[77, 79, 80, 83, 86, 87, 88, 91] PASS
[37, 36, 33, 31, 30, 28, 27, 24] PASS
[13, 16, 19, 22, 25, 26, 29] PASS
[35, 34, 33, 32, 29, 27, 25] PASS
[50, 52, 53, 56, 57, 59] PASS
[77, 74, 72, 70, 69, 68, 65] PASS
[88, 91, 92, 93, 96] PASS
[76, 78, 81, 82, 83] PASS
[64, 66, 68, 69, 70, 73, 74, 75] PASS
[68, 67, 66, 65, 62, 60, 58] PASS
[57, 56, 55, 52, 50, 48, 46] PASS
[61, 59, 58, 56, 53] PASS
[15, 12, 9, 6, 5, 3] PASS
[70, 68, 66, 64, 61, 60, 57, 54] PASS
[75, 78, 81, 83, 84, 85, 87] PASS
[24, 26, 27, 29, 30, 31, 34, 36] PASS
[53, 56, 59, 60, 63, 66] PASS
[1, 3, 5, 7, 8, 9] PASS
[89, 87, 84, 82, 79, 78, 76, 75] PASS
[30, 27, 25, 22, 21] PASS
[37, 36, 34, 31, 30, 29] PASS
[19, 18, 15, 12, 11, 8, 7, 6] PASS
[60, 58, 55, 54, 52, 50, 48] PASS
[7, 8, 9, 12, 15, 17] PASS
[89, 90, 93, 94, 96] PASS
[27, 24, 23, 22, 21, 19, 17, 16] PASS
[22, 20, 19, 18, 15, 14, 12] PASS
[85, 86, 88, 90, 92, 95, 96] PASS
[38, 39, 40, 42, 45] PASS
[24, 25, 28, 31, 33, 34] PASS
[70, 69, 68, 67, 65, 63, 62] PASS
[15, 13, 12, 9, 7, 4, 2] PASS
[49, 48, 45, 42, 41] PASS
[57, 60, 62, 63, 66, 68] PASS
[31, 34, 37, 38, 40] PASS
[27, 28, 29, 30, 33, 36] PASS
[36, 34, 31, 30, 29, 28, 27] PASS
[53, 51, 49, 46, 43] PASS
[95, 92, 90, 88, 85, 83] PASS
[74, 73, 72, 70, 67, 64] PASS
[23, 20, 17, 16, 14, 13] PASS
[95, 92, 89, 87, 85, 82, 81, 79] PASS
[36, 35, 34, 32, 31, 30, 29] PASS
[50, 52, 54, 57, 60, 63, 64] PASS
[58, 61, 62, 63, 64, 65, 68, 70] PASS
[39, 40, 42, 43, 45, 48, 51] PASS
[85, 84, 81, 79, 77, 74] PASS
[45, 46, 47, 49, 52] PASS
[15, 16, 17, 20, 21, 22] PASS
[86, 83, 80, 78, 76, 73, 70, 68] PASS
[51, 54, 57, 59, 62] PASS
[71, 73, 76, 77, 79, 80] PASS
[68, 69, 72, 74, 77, 78, 79, 81] PASS
[13, 11, 8, 6, 5, 3] PASS
[50, 52, 53, 56, 57, 59, 60] PASS
[60, 62, 64, 66, 69] PASS
[80, 83, 84, 86, 88] PASS
[8, 10, 11, 14, 16] PASS
[43, 46, 47, 50, 53, 56] PASS
[55, 54, 51, 50, 48, 45, 43] PASS
[66, 68, 71, 74, 75] PASS
[84, 86, 87, 88, 90, 93] PASS
[38, 37, 36, 33, 30, 27, 26] PASS
[29, 31, 34, 37, 39] PASS
[12, 10, 9, 6, 4] PASS
[72, 69, 67, 65, 63, 62] PASS
[23, 25, 26, 29, 30, 32] PASS
[70, 71, 74, 77, 80, 81, 84, 87] PASS
Safe Reports: 561
